0,199,425
0,499,425
0,800,421
0,1101,417
0,1402,407
0,1702,389
0,2002,376
0,2302,373
0,2603,365
0,2903,351
0,3205,354
0,3505,351
0,3805,324
0,4106,295
0,4406,319
0,4706,334
0,5006,409
0,5308,430
0,5608,435
0,5909,435
0,6209,442
0,6509,440
0,6810,438
0,7110,436
0,7411,431
0,7712,424
0,8012,410
0,8312,370
0,8613,320
0,8913,277
0,9213,247
0,9515,260
0,9815,306
0,10115,334
0,10416,353
0,10716,365
0,11016,375
0,11317,377
0,11618,386
220,11700,364
300,11480,370
300,11180,369
300,10879,362
300,10579,345
300,10279,319
300,9978,286
300,9677,244
300,9377,260
300,9076,294
300,8776,341
300,8476,391
300,8175,415
300,7875,430
300,7573,433
300,7273,438
300,6973,437
300,6673,440
300,6372,437
300,6072,433
300,5772,432
300,5470,424
300,5170,383
300,4869,316
300,4569,304
300,4269,307
300,3969,346
300,3668,355
300,3367,350
300,3066,352
300,2766,368
300,2466,375
300,2165,384
300,1865,402
300,1565,411
300,1263,419
300,963,424
300,663,425
300,362,425
300,62,427
538,0,426
600,239,424
600,540,424
600,840,421
600,1141,421
600,1441,417
600,1741,408
600,2042,397
600,2342,386
600,2643,369
600,2944,349
600,3244,341
600,3544,344
600,3845,349
600,4145,340
600,4445,333
600,4747,377
600,5048,415
600,5349,431
600,5649,433
600,5949,436
600,6250,437
600,6550,438
600,6850,437
600,7152,435
600,7452,427
600,7752,422
600,8053,408
600,8353,358
600,8653,301
600,8954,269
600,9255,232
600,9555,228
600,9856,260
600,10156,290
600,10456,327
600,10757,340
600,11057,336
600,11359,274
600,11659,216
859,11700,193
900,11441,307
900,11140,336
900,10840,310
900,10540,272
900,10238,240
900,9938,223
900,9637,221
900,9337,253
900,9037,297
900,8737,339
900,8436,397
900,8135,419
900,7834,427
900,7534,433
900,7234,435
900,6933,436
900,6633,437
900,6333,436
900,6031,434
900,5731,434
900,5431,426
900,5130,401
900,4830,374
900,4530,360
900,4229,356
900,3928,339
900,3626,332
900,3326,350
900,3026,373
900,2725,389
900,2425,399
900,2125,408
900,1825,418
900,1523,421
900,1223,420
900,922,425
900,622,427
900,322,427
900,21,425
1179,0,426
1200,280,426
1200,581,423
1200,881,425
1200,1181,422
1200,1482,417
1200,1782,415
1200,2082,409
1200,2384,398
1200,2684,381
1200,2984,364
1200,3285,346
1200,3585,347
1200,3885,351
1200,4186,378
1200,4487,399
1200,4788,413
1200,5088,426
1200,5388,432
1200,5688,435
1200,5989,436
1200,6289,436
1200,6591,435
1200,6891,434
1200,7191,427
1200,7492,420
1200,7792,417
1200,8092,404
1200,8392,373
1200,8694,315
1200,8994,262
1200,9295,219
1200,9595,223
1200,9895,216
1200,10196,238
1200,10496,253
1200,10797,312
1200,11098,342
1200,11398,285
1200,11698,249
1498,11700,351
1500,11401,347
1500,11101,310
1500,10799,250
1500,10498,238
1500,10197,231
1500,9897,225
1500,9597,221
1500,9296,247
1500,8996,320
1500,8696,375
1500,8394,400
1500,8094,403
1500,7794,404
1500,7493,413
1500,7193,427
1500,6893,434
1500,6592,434
1500,6291,436
1500,5991,434
1500,5690,434
1500,5390,429
1500,5090,423
1500,4789,412
1500,4489,397
1500,4188,368
1500,3887,366
1500,3587,368
1500,3287,360
1500,2986,379
1500,2686,393
1500,2386,401
1500,2084,414
1500,1784,419
1500,1484,423
1500,1183,425
1500,883,427
1500,583,425
1500,282,426
1519,0,426
1800,20,426
1800,320,423
1800,620,426
1800,920,424
1800,1221,424
1800,1521,422
1800,1823,414
1800,2123,401
1800,2423,387
1800,2724,363
1800,3024,360
1800,3324,368
1800,3624,372
1800,3926,388
1800,4228,411
1800,4528,420
1800,4828,426
1800,5128,431
1800,5429,432
1800,5729,435
1800,6029,435
1800,6331,436
1800,6631,432
1800,6932,413
1800,7232,402
1800,7532,398
1800,7832,395
1800,8133,395
1800,8434,378
1800,8735,318
1800,9035,256
1800,9335,225
1800,9636,235
1800,9936,247
1800,10236,237
1800,10538,250
1800,10838,301
1800,11138,366
1800,11439,388
1839,11700,398
2100,11661,396
2100,11360,364
2100,11059,312
2100,10759,290
2100,10458,256
2100,10158,259
2100,9858,249
2100,9557,253
2100,9257,283
2100,8956,323
2100,8655,380
2100,8355,389
2100,8055,389
2100,7754,404
2100,7454,411
2100,7154,410
2100,6852,429
2100,6552,433
2100,6252,434
2100,5951,433
2100,5651,432
2100,5351,431
2100,5050,427
2100,4749,423
2100,4448,418
2100,4148,408
2100,3848,393
2100,3548,376
2100,3247,349
2100,2947,347
2100,2645,373
2100,2344,403
2100,2044,417
2100,1743,423
2100,1443,425
2100,1143,424
2100,842,424
2100,542,424
2100,240,424
2160,0,422
2400,60,423
2400,360,423
2400,661,421
2400,961,421
2400,1261,420
2400,1563,422
2400,1863,418
2400,2164,407
2400,2464,368
2400,2764,381
2400,3064,375
2400,3365,398
2400,3666,415
2400,3967,420
2400,4267,424
2400,4567,427
2400,4868,426
2400,5168,430
2400,5468,431
2400,5770,431
2400,6070,433
2400,6370,432
2400,6671,426
2400,6971,411
2400,7271,409
2400,7572,399
2400,7873,393
2400,8173,395
2400,8474,388
2400,8774,342
2400,9074,294
2400,9375,281
2400,9675,294
2400,9976,305
2400,10277,294
2400,10577,312
2400,10877,330
2400,11178,377
2400,11478,407
2478,11700,410
2700,11620,399
2700,11319,361
2700,11018,352
2700,10718,321
2700,10418,322
2700,10117,330
2700,9817,317
2700,9517,320
2700,9215,358
2700,8915,390
2700,8615,399
2700,8314,404
2700,8014,398
2700,7714,396
2700,7413,408
2700,7112,420
2700,6812,431
2700,6511,432
2700,6211,434
2700,5911,432
2700,5610,431
2700,5310,431
2700,5008,426
2700,4708,427
2700,4408,424
2700,4108,422
2700,3807,420
2700,3507,413
2700,3207,396
2700,2905,386
2700,2605,409
2700,2304,419
2700,2004,420
2700,1704,419
2700,1404,419
2700,1103,421
2700,802,420
2700,501,423
2700,201,423
2799,0,420
3000,100,418
3000,400,415
3000,700,415
3000,1002,417
3000,1302,415
3000,1602,419
3000,1903,421
3000,2203,422
3000,2503,421
3000,2804,419
3000,3105,423
3000,3405,423
3000,3706,423
3000,4006,426
3000,4306,424
3000,4607,427
3000,4907,426
3000,5208,429
3000,5510,431
3000,5810,430
3000,6111,430
3000,6411,435
3000,6711,430
3000,7012,425
3000,7312,417
3000,7613,413
3000,7914,412
3000,8214,408
3000,8514,404
3000,8815,398
3000,9115,388
3000,9415,385
3000,9717,376
3000,10017,378
3000,10317,363
3000,10618,368
3000,10918,367
3000,11218,391
3000,11519,417
3120,11700,422
3300,11580,415
3300,11279,384
3300,10979,366
3300,10679,378
3300,10378,396
3300,10078,399
3300,9776,399
3300,9476,401
3300,9176,404
3300,8876,408
3300,8575,413
3300,8275,415
3300,7975,415
3300,7673,421
3300,7373,425
3300,7072,429
3300,6772,429
3300,6472,430
3300,6172,431
3300,5871,431
3300,5570,431
3300,5269,429
3300,4969,427
3300,4669,426
3300,4368,429
3300,4068,426
3300,3768,425
3300,3466,425
3300,3165,424
3300,2864,424
3300,2564,424
3300,2264,421
3300,1964,419
3300,1663,413
3300,1363,408
3300,1061,407
3300,761,409
3300,461,413
3300,160,415
3440,0,413
3600,140,413
3600,440,406
3600,742,402
3600,1042,400
3600,1343,403
3600,1643,409
3600,1943,414
3600,2244,419
3600,2544,422
3600,2845,424
3600,3146,426
3600,3446,425
3600,3746,427
3600,4047,424
3600,4347,427
3600,4647,427
3600,4949,430
3600,5249,429
3600,5549,429
3600,5850,430
3600,6150,427
3600,6450,429
3600,6751,427
3600,7052,425
3600,7352,424
3600,7653,419
3600,7953,419
3600,8253,417
3600,8554,409
3600,8854,409
3600,9156,403
3600,9456,402
3600,9756,407
3600,10056,407
3600,10357,404
3600,10657,403
3600,10957,407
3600,11259,418
3600,11559,425
3759,11700,425
3900,11540,415
3900,11240,410
3900,10940,406
3900,10639,403
3900,10338,407
3900,10036,404
3900,9736,406
3900,9436,404
3900,9135,408
3900,8835,410
3900,8535,414
3900,8234,419
3900,7933,421
3900,7632,421
3900,7332,427
3900,7032,431
3900,6732,429
3900,6431,429
3900,6131,431
3900,5829,429
3900,5529,427
3900,5229,425
3900,4928,426
3900,4628,426
3900,4328,427
3900,4028,427
3900,3726,425
3900,3426,426
3900,3125,425
3900,2825,422
3900,2525,419
3900,2224,409
3900,1924,406
3900,1623,408
3900,1322,403
3900,1022,396
3900,722,400
3900,421,406
3900,121,409
4079,0,408
4200,181,404
4200,481,398
4200,781,398
4200,1082,403
4200,1382,407
4200,1682,404
4200,1983,403
4200,2284,413
4200,2584,422
4200,2885,423
4200,3185,424
4200,3485,424
4200,3786,426
4200,4086,426
4200,4388,424
4200,4689,424
4200,4989,424
4200,5290,427
4200,5590,426
4200,5890,425
4200,6191,427
4200,6491,426
4200,6792,427
4200,7093,427
4200,7393,422
4200,7693,418
4200,7994,415
4200,8294,414
4200,8594,410
4200,8896,407
4200,9196,402
4200,9496,401
4200,9797,402
4200,10097,403
4200,10397,403
4200,10698,401
4200,10999,401
4200,11300,408
4200,11600,415
4400,11700,408
4500,11500,399
4500,11199,392
4500,10899,393
4500,10597,396
4500,10297,398
4500,9997,397
4500,9696,397
4500,9396,399
4500,9096,402
4500,8796,409
4500,8494,411
4500,8194,414
4500,7893,415
4500,7593,422
4500,7293,423
4500,6992,426
4500,6692,426
4500,6391,425
4500,6090,423
4500,5790,424
4500,5490,423
4500,5189,423
4500,4889,423
4500,4589,423
4500,4287,422
4500,3987,422
4500,3687,424
4500,3386,422
4500,3086,421
4500,2786,420
4500,2485,412
4500,2184,403
4500,1882,402
4500,1582,403
4500,1282,400
4500,981,397
4500,681,400
4500,381,407
4500,80,409
4721,0,410
4800,221,407
4800,522,401
4800,822,400
4800,1122,397
4800,1423,397
4800,1723,397
4800,2024,406
4800,2325,418
4800,2625,421
4800,2925,424
4800,3226,423
4800,3526,420
4800,3826,419
4800,4128,419
4800,4428,417
4800,4728,418
4800,5029,418
4800,5329,418
4800,5629,421
4800,5930,421
4800,6231,421
4800,6532,424
4800,6832,425
4800,7132,422
4800,7432,421
4800,7733,415
4800,8033,413
4800,8335,410
4800,8635,406
4800,8935,399
4800,9236,393
4800,9536,386
4800,9836,385
4800,10136,379
4800,10438,369
4800,10738,363
4800,11039,373
4800,11339,386
4800,11639,395
5039,11700,381
5100,11460,364
5100,11159,362
5100,10857,351
5100,10557,355
5100,10256,366
5100,9956,374
5100,9656,379
5100,9356,388
5100,9055,397
5100,8754,403
5100,8453,408
5100,8153,412
5100,7853,418
5100,7552,422
5100,7252,425
5100,6952,421
5100,6650,422
5100,6350,419
5100,6050,415
5100,5749,412
5100,5449,412
5100,5149,409
5100,4848,409
5100,4547,411
5100,4247,412
5100,3946,415
5100,3646,421
5100,3346,421
5100,3045,422
5100,2745,424
5100,2444,419
5100,2143,409
5100,1843,399
5100,1543,396
5100,1242,398
5100,942,403
5100,642,409
5100,340,413
5100,40,413
5360,0,417
5400,261,414
5400,561,414
5400,861,406
5400,1162,403
5400,1463,404
5400,1764,413
5400,2064,422
5400,2364,424
5400,2664,424
5400,2965,422
5400,3265,419
5400,3567,411
5400,3867,401
5400,4167,396
5400,4468,397
5400,4768,397
5400,5068,398
5400,5368,397
5400,5670,400
5400,5972,403
5400,6272,413
5400,6572,414
5400,6872,421
5400,7173,421
5400,7473,421
5400,7773,415
5400,8075,409
5400,8375,401
5400,8676,396
5400,8976,380
5400,9276,370
5400,9576,358
5400,9877,347
5400,10178,354
5400,10479,334
5400,10779,335
5400,11079,346
5400,11380,361
5400,11680,368
5680,11700,336
5700,11418,333
5700,11118,326
5700,10818,320
5700,10517,341
5700,10217,346
5700,9917,350
5700,9616,360
5700,9315,368
5700,9015,381
5700,8714,392
5700,8414,401
5700,8114,412
5700,7813,419
5700,7513,420
5700,7212,419
5700,6911,413
5700,6611,404
5700,6311,377
5700,6010,357
5700,5710,367
5700,5410,373
5700,5108,375
5700,4808,375
5700,4508,365
5700,4207,360
5700,3907,376
5700,3607,406
5700,3306,418
5700,3005,424
5700,2703,422
5700,2403,423
5700,2103,422
5700,1802,420
5700,1502,415
5700,1202,413
5700,901,417
5700,600,419
5700,300,419
5701,0,420
6000,1,421
6000,301,420
6000,602,419
6000,902,419
6000,1204,420
6000,1504,424
6000,1804,424
6000,2104,424
6000,2405,424
6000,2705,423
6000,3005,418
6000,3307,399
6000,3607,363
6000,3908,344
6000,4208,338
6000,4508,343
6000,4808,340
6000,5109,318
6000,5410,306
6000,5711,278
6000,6011,290
6000,6311,332
6000,6612,398
6000,6912,417
6000,7212,420
6000,7514,420
6000,7814,413
6000,8114,398
6000,8415,386
6000,8715,372
6000,9015,364
6000,9316,353
6000,9617,345
6000,9917,344
6000,10218,341
6000,10518,339
6000,10818,338
6000,11119,315
6000,11419,208
6020,11700,255
6300,11679,206
6300,11379,322
6300,11079,346
6300,10778,350
6300,10478,351
6300,10178,345
6300,9876,344
6300,9575,354
6300,9274,361
6300,8974,363
6300,8674,370
6300,8373,385
6300,8073,402
6300,7773,415
6300,7471,415
6300,7171,409
6300,6871,392
6300,6570,323
6300,6270,267
6300,5970,252
6300,5669,252
6300,5368,273
6300,5068,295
6300,4767,310
6300,4467,326
6300,4167,356
6300,3866,355
6300,3566,377
6300,3264,410
6300,2964,420
6300,2664,422
6300,2364,423
6300,2063,426
6300,1763,426
6300,1463,425
6300,1161,425
6300,861,425
6300,560,424
6300,260,422
6340,0,423
6600,40,424
6600,341,429
6600,642,429
6600,943,425
6600,1243,426
6600,1543,425
6600,1844,426
6600,2144,423
6600,2444,421
6600,2746,418
6600,3046,409
6600,3346,381
6600,3647,354
6600,3947,339
6600,4247,320
6600,4548,315
6600,4849,290
6600,5151,265
6600,5451,227
6600,5751,215
6600,6052,239
6600,6352,300
6600,6652,375
6600,6952,401
6600,7254,408
6600,7554,408
6600,7855,396
6600,8155,390
6600,8455,364
6600,8756,352
6600,9056,356
6600,9357,350
6600,9658,339
6600,9958,336
6600,10258,355
6600,10559,364
6600,10859,366
6600,11159,360
6600,11461,356
6661,11700,367
6900,11639,374
6900,11338,373
6900,11038,376
6900,10738,365
6900,10437,345
6900,10136,327
6900,9836,331
6900,9535,343
6900,9235,349
6900,8935,349
6900,8634,372
6900,8334,393
6900,8032,393
6900,7732,406
6900,7432,396
6900,7132,381
6900,6831,363
6900,6531,328
6900,6231,246
6900,5929,226
6900,5629,248
6900,5328,287
6900,5028,311
6900,4728,335
6900,4428,324
6900,4127,323
6900,3826,354
6900,3525,391
6900,3225,411
6900,2925,418
6900,2624,423
6900,2324,426
6900,2024,426
6900,1722,429
6900,1421,427
6900,1120,432
6900,820,430
6900,520,430
6900,220,430
6981,0,430
7200,81,431
7200,383,430
7200,683,432
7200,983,431
7200,1284,427
7200,1584,431
7200,1884,429
7200,2184,426
7200,2486,423
7200,2786,420
7200,3087,412
7200,3387,403
7200,3687,383
7200,3988,366
7200,4288,361
7200,4589,354
7200,4890,344
7200,5190,326
7200,5490,283
7200,5791,242
7200,6091,264
7200,6391,309
7200,6693,320
7200,6993,357
7200,7293,380
7200,7594,395
7200,7894,392
7200,8194,378
7200,8495,361
7200,8796,346
7200,9096,335
7200,9397,332
7200,9697,322
7200,9997,315
7200,10298,336
7200,10598,362
7200,10900,378
7200,11200,386
7200,11500,392
7300,11700,398
7500,11599,392
7500,11299,383
7500,10999,365
7500,10697,342
7500,10396,310
7500,10095,309
7500,9795,321
7500,9495,326
7500,9194,352
7500,8894,379
7500,8594,383
7500,8292,399
7500,7992,411
7500,7692,352
7500,7391,214
7500,7091,278
7500,6791,342
7500,6490,308
7500,6189,298
7500,5888,266
7500,5588,316
7500,5288,333
7500,4988,328
7500,4687,310
7500,4387,294
7500,4085,285
7500,3785,298
7500,3485,324
7500,3184,360
7500,2884,398
7500,2584,423
7500,2284,429
7500,1982,430
7500,1682,429
7500,1381,429
7500,1081,430
7500,781,431
7500,480,432
7500,180,433
7621,0,433
7800,122,431
7800,422,432
7800,722,432
7800,1023,430
7800,1323,430
7800,1623,430
7800,1925,431
7800,2225,430
7800,2525,431
7800,2826,427
7800,3126,422
7800,3426,413
7800,3727,408
7800,4028,399
7800,4328,392
7800,4629,384
7800,4929,376
7800,5229,365
7800,5530,341
7800,5830,292
7800,6132,264
7800,6433,300
7800,6733,276
7800,7034,158
7800,7334,94
7800,7634,85
7800,7935,219
7800,8235,410
7800,8536,398
7800,8837,386
7800,9137,346
7800,9437,323
7800,9738,331
7800,10038,326
7800,10338,315
7800,10640,347
7800,10940,367
7800,11240,378
7800,11541,388
7941,11700,381
8100,11559,367
8100,11258,352
8100,10957,346
8100,10656,338
8100,10356,323
8100,10056,327
8100,9756,333
8100,9455,360
8100,9155,385
8100,8853,407
8100,8553,421
8100,8253,431
8100,7952,431
8100,7652,427
8100,7352,417
8100,7052,404
8100,6750,381
8100,6450,364
8100,6149,343
8100,5849,340
8100,5549,372
8100,5248,373
8100,4948,372
8100,4647,357
8100,4346,339
8100,4046,307
8100,3746,264
8100,3445,219
8100,3145,174
8100,2845,140
8100,2543,99
8100,2242,219
8100,1941,432
8100,1641,431
8100,1341,433
8100,1040,432
8100,740,432
8100,440,432
8100,138,435
8262,0,432
8400,162,432
8400,463,432
8400,763,434
8400,1063,430
8400,1364,433
8400,1665,434
8400,1965,434
8400,2266,433
8400,2566,432
8400,2866,430
8400,3167,427
8400,3467,424
8400,3768,421
8400,4069,415
8400,4369,409
8400,4669,403
8400,4970,399
8400,5270,393
8400,5570,392
8400,5872,384
8400,6172,377
8400,6472,374
8400,6773,373
8400,7073,391
8400,7373,427
8400,7674,421
8400,7975,421
8400,8276,422
8400,8576,424
8400,8876,414
8400,9176,398
8400,9477,372
8400,9777,351
8400,10079,354
8400,10379,345
8400,10679,327
8400,10980,331
8400,11280,347
8400,11580,365
8580,11700,358
8700,11518,344
8700,11218,342
8700,10917,339
8700,10617,350
8700,10317,374
8700,10016,378
8700,9716,393
8700,9415,412
8700,9113,427
8700,8813,431
8700,8512,434
8700,8212,435
8700,7912,437
8700,7612,434
8700,7311,433
8700,7010,426
8700,6709,420
8700,6409,415
8700,6109,412
8700,5808,406
8700,5508,401
8700,5208,401
8700,4906,403
8700,4606,411
8700,4306,418
8700,4005,423
8700,3705,427
8700,3405,431
8700,3104,433
8700,2803,432
8700,2503,434
8700,2202,434
8700,1902,433
8700,1602,435
8700,1301,435
8700,1001,432
8700,700,432
8700,399,431
8700,99,433
8901,0,432
9000,202,431
9000,502,431
9000,802,431
9000,1104,431
9000,1404,434
9000,1704,436
9000,2005,435
9000,2305,437
9000,2605,435
9000,2906,435
9000,3207,432
9000,3508,432
9000,3808,429
9000,4108,429
9000,4408,418
9000,4709,410
9000,5009,407
9000,5311,406
9000,5612,407
9000,5912,418
9000,6213,421
9000,6513,427
9000,6813,430
9000,7114,435
9000,7414,434
9000,7716,437
9000,8016,435
9000,8316,434
9000,8616,435
9000,8917,432
9000,9217,424
9000,9517,411
9000,9819,395
9000,10119,381
9000,10420,358
9000,10720,357
9000,11020,361
9000,11320,350
9000,11621,361
9222,11700,368
9300,11477,361
9300,11177,372
9300,10877,375
9300,10576,381
9300,10276,398
9300,9976,413
9300,9674,424
9300,9374,432
9300,9074,435
9300,8773,435
9300,8473,437
9300,8173,436
9300,7872,438
9300,7571,438
9300,7271,435
9300,6970,434
9300,6670,433
9300,6370,427
9300,6069,411
9300,5769,395
9300,5468,402
9300,5167,407
9300,4867,408
9300,4567,418
9300,4266,430
9300,3966,434
9300,3666,434
9300,3364,435
9300,3064,434
9300,2764,437
9300,2463,435
9300,2163,433
9300,1863,427
9300,1562,423
9300,1261,421
9300,959,421
9300,659,427
9300,359,423
9300,58,422
9542,0,411
9600,242,412
9600,543,407
9600,844,403
9600,1144,403
9600,1445,413
9600,1745,422
9600,2045,427
9600,2346,436
9600,2646,436
9600,2948,432
9600,3248,426
9600,3548,422
9600,3848,427
9600,4149,424
9600,4449,407
9600,4749,393
9600,5051,389
9600,5351,381
9600,5652,373
9600,5952,396
9600,6252,420
9600,6552,432
9600,6853,434
9600,7154,436
9600,7455,436
9600,7755,435
9600,8055,435
9600,8356,433
9600,8656,436
9600,8956,434
9600,9258,433
9600,9558,432
9600,9858,426
9600,10159,422
9600,10459,419
9600,10759,406
9600,11060,399
9600,11361,404
9600,11661,414
9861,11700,427
9900,11438,426
9900,11138,426
9900,10837,424
9900,10537,429
9900,10236,431
9900,9934,430
9900,9634,432
9900,9333,434
9900,9033,434
9900,8733,437
9900,8432,434
9900,8132,435
9900,7831,435
9900,7530,435
9900,7230,435
9900,6930,432
9900,6629,420
9900,6329,404
9900,6029,381
9900,5727,363
9900,5427,366
9900,5127,374
9900,4826,383
9900,4526,403
9900,4226,410
9900,3925,389
9900,3624,370
9900,3324,396
9900,3023,425
9900,2723,432
9900,2423,425
9900,2122,413
9900,1822,412
9900,1520,404
9900,1220,396
9900,920,389
9900,620,388
9900,319,390
9900,19,386
10181,0,369
10200,283,366
10200,583,367
10200,884,381
10200,1184,387
10200,1484,397
10200,1784,403
10200,2085,413
10200,2386,419
10200,2687,411
10200,2987,367
10200,3287,341
10200,3588,349
10200,3888,361
10200,4188,388
10200,4490,383
10200,4790,373
10200,5090,362
10200,5391,361
10200,5691,372
10200,5991,389
10200,6292,404
10200,6593,425
10200,6895,435
10200,7195,435
10200,7495,433
10200,7796,434
10200,8096,434
10200,8396,432
10200,8696,433
10200,8998,429
10200,9298,431
10200,9599,431
10200,9899,429
10200,10199,425
10200,10500,426
10200,10800,427
10200,11101,429
10200,11402,426
10202,11700,426
10500,11698,419
10500,11397,422
10500,11097,421
10500,10797,424
10500,10495,424
10500,10195,426
10500,9895,427
10500,9594,432
10500,9294,430
10500,8994,432
10500,8693,431
10500,8392,430
10500,8092,432
10500,7791,431
10500,7491,433
10500,7191,433
10500,6890,430
10500,6590,410
10500,6288,387
10500,5988,368
10500,5688,361
10500,5388,363
10500,5087,375
10500,4787,377
10500,4487,378
10500,4185,342
10500,3885,346
10500,3584,352
10500,3284,341
10500,2984,384
10500,2684,406
10500,2383,401
10500,2082,393
10500,1780,384
10500,1480,368
10500,1180,344
10500,879,326
10500,579,330
10500,279,344
10521,0,336
10800,23,322
10800,324,299
10800,624,256
10800,924,199
10800,1224,219
10800,1525,347
10800,1825,378
10800,2127,390
10800,2427,395
10800,2727,386
10800,3028,352
10800,3328,343
10800,3628,336
10800,3928,344
10800,4230,373
10800,4530,378
10800,4831,377
10800,5131,369
10800,5431,361
10800,5732,357
10800,6032,379
10800,6333,411
10800,6634,429
10800,6934,434
10800,7234,432
10800,7535,431
10800,7835,429
10800,8135,429
10800,8437,426
10800,8737,425
10800,9037,430
10800,9338,427
10800,9638,425
10800,9938,423
10800,10239,421
10800,10540,418
10800,10840,414
10800,11141,407
10800,11441,403
10841,11700,395
11100,11658,393
11100,11358,400
11100,11056,407
11100,10756,412
11100,10456,418
11100,10156,422
11100,9855,422
11100,9555,423
11100,9255,422
11100,8953,417
11100,8652,418
11100,8351,417
11100,8051,420
11100,7751,423
11100,7450,427
11100,7150,432
11100,6850,430
11100,6548,419
11100,6248,395
11100,5948,363
11100,5647,358
11100,5347,363
11100,5047,368
11100,4746,367
11100,4445,367
11100,4144,358
11100,3844,343
11100,3544,338
11100,3244,361
11100,2943,381
11100,2643,389
11100,2341,385
11100,2041,368
11100,1741,304
11100,1440,182
11100,1140,162
11100,840,220
11100,540,282
11100,238,313
11162,0,315
11400,63,305
11400,363,281
11400,663,242
11400,964,190
11400,1264,219
11400,1565,283
11400,1866,354
11400,2166,377
11400,2466,379
11400,2767,363
11400,3067,347
11400,3367,347
11400,3669,358
11400,3969,358
11400,4269,346
11400,4570,334
11400,4870,340
11400,5170,357
11400,5471,366
11400,5772,376
11400,6074,404
11400,6374,423
11400,6674,427
11400,6975,426
11400,7275,419
11400,7575,406
11400,7876,391
11400,8177,389
11400,8477,386
11400,8778,392
11400,9078,404
11400,9378,419
11400,9679,419
11400,9979,418
11400,10280,411
11400,10581,408
11400,10881,399
11400,11181,390
11400,11482,377
11482,11700,374
11700,11618,375
11700,11316,388
11700,11016,398
11700,10716,404
11700,10415,413
11700,10115,413
11700,9815,413
11700,9514,406
11700,9213,391
11700,8912,380
11700,8612,355
11700,8312,357
11700,8012,369
11700,7711,391
11700,7411,414
11700,7109,426
11700,6809,424
11700,6509,417
11700,6208,395
11700,5908,375
11700,5608,360
11700,5308,332
11700,5006,321
11700,4706,327
11700,4405,333
11700,4105,352
11700,3805,355
11700,3504,343
11700,3204,339
11700,2903,351
11700,2602,370
11700,2302,370
11700,2002,317
11700,1701,278
11700,1401,258
11700,1101,283
11700,799,290
11700,498,299
11700,197,316
11803,0,326
12000,103,327
12000,404,322
12000,704,320
12000,1004,298
12000,1306,262
12000,1606,294
12000,1906,349
12000,2207,363
12000,2507,353
12000,2807,329
12000,3108,329
12000,3409,344
12000,3709,345
12000,4010,335
12000,4310,319
12000,4610,323
12000,4911,304
12000,5211,319
12000,5512,361
12000,5813,379
12000,6113,403
12000,6413,419
12000,6714,423
12000,7014,418
12000,7314,387
12000,7616,350
12000,7916,331
12000,8216,330
12000,8517,339
12000,8817,375
12000,9117,383
12000,9418,406
12000,9719,414
12000,10020,412
12000,10320,409
12000,10620,401
12000,10920,393
12000,11221,383
12000,11521,364
12122,11700,356
12300,11577,372
12300,11277,389
12300,10976,399
12300,10676,407
12300,10376,411
12300,10076,412
12300,9774,410
12300,9472,390
12300,9172,363
12300,8872,340
12300,8572,327
12300,8271,323
12300,7971,350
12300,7671,360
12300,7369,401
12300,7069,417
12300,6768,419
12300,6468,411
12300,6168,388
12300,5868,357
12300,5567,324
12300,5266,292
12300,4965,296
12300,4665,317
12300,4365,333
12300,4064,343
12300,3764,340
12300,3464,336
12300,3162,342
12300,2862,338
12300,2562,357
12300,2261,362
12300,1961,346
12300,1661,296
12300,1360,296
12300,1059,317
12300,759,331
12300,458,340
12300,158,346
12442,0,357
12600,143,358
12600,443,345
12600,744,328
12600,1045,322
12600,1345,324
12600,1645,344
12600,1946,361
12600,2246,372
12600,2546,355
12600,2848,357
12600,3148,351
12600,3449,338
12600,3749,351
12600,4049,358
12600,4349,338
12600,4650,312
12600,4951,305
12600,5252,331
12600,5552,343
12600,5852,370
12600,6152,401
12600,6453,413
12600,6753,417
12600,7055,413
12600,7356,381
12600,7656,362
12600,7957,332
12600,8257,329
12600,8557,352
12600,8858,375
12600,9158,396
12600,9460,407
12600,9760,412
12600,10060,411
12600,10360,409
12600,10661,403
12600,10961,395
12600,11261,373
12600,11563,352
12763,11700,355
12900,11536,374
12900,11236,393
12900,10936,404
12900,10636,410
12900,10335,413
12900,10034,413
12900,9733,411
12900,9433,407
12900,9133,395
12900,8832,380
12900,8532,356
12900,8232,345
12900,7930,360
12900,7630,391
12900,7330,412
12900,7029,417
12900,6729,412
12900,6429,399
12900,6128,365
12900,5827,333
12900,5527,343
12900,5226,332
12900,4926,339
12900,4626,358
12900,4325,378
12900,4025,366
12900,3724,352
12900,3423,346
12900,3123,363
12900,2823,376
12900,2522,384
12900,2222,376
12900,1922,360
12900,1620,352
12900,1319,342
12900,1018,341
12900,718,353
12900,418,367
12900,117,368
13083,0,369
13200,183,364
13200,485,357
13200,785,357
13200,1085,362
13200,1386,368
13200,1686,377
13200,1986,390
13200,2287,398
13200,2588,395
13200,2888,383
13200,3189,373
13200,3489,383
13200,3789,389
13200,4090,388
13200,4390,378
13200,4692,361
13200,4992,347
13200,5292,328
13200,5592,340
13200,5893,360
13200,6193,391
13200,6493,408
13200,6795,417
13200,7095,413
13200,7396,401
13200,7696,390
13200,7996,384
13200,8296,388
13200,8597,398
13200,8898,407
13200,9199,411
13200,9499,414
13200,9799,414
13200,10100,417
13200,10400,413
13200,10700,408
13200,11002,404
13200,11302,389
13200,11602,370
