0,215,224
0,516,222
0,816,222
0,1116,222
0,1417,220
0,1717,218
0,2018,216
0,2320,216
0,2620,215
0,2921,219
0,3221,220
0,3521,215
0,3821,214
0,4122,215
0,4423,215
0,4724,215
0,5024,222
0,5324,225
0,5625,228
0,5925,231
0,6225,230
0,6527,229
0,6827,228
0,7127,229
0,7428,228
0,7728,229
0,8028,230
0,8329,231
0,8630,231
0,8930,233
0,9231,233
0,9531,234
0,9831,233
0,10132,233
0,10432,233
0,10733,232
0,11034,231
0,11334,233
0,11634,231
235,11700,230
300,11465,231
300,11165,232
300,10863,232
300,10563,232
300,10262,234
300,9962,234
300,9662,233
300,9362,232
300,9061,232
300,8760,230
300,8459,231
300,8159,230
300,7859,229
300,7558,228
300,7258,227
300,6958,229
300,6656,229
300,6355,229
300,6054,230
300,5754,228
300,5454,226
300,5154,221
300,4853,216
300,4553,215
300,4251,215
300,3951,215
300,3651,218
300,3350,218
300,3050,216
300,2750,215
300,2450,215
300,2148,218
300,1848,219
300,1547,220
300,1247,222
300,947,222
300,646,221
300,346,223
300,45,224
556,0,223
600,256,223
600,556,222
600,857,222
600,1157,221
600,1457,220
600,1759,218
600,2059,217
600,2359,217
600,2660,218
600,2960,218
600,3260,219
600,3561,218
600,3862,218
600,4162,218
600,4463,219
600,4763,224
600,5063,228
600,5364,229
600,5664,229
600,5966,229
600,6266,229
600,6566,230
600,6866,230
600,7167,230
600,7467,230
600,7767,231
600,8069,231
600,8369,233
600,8670,233
600,8970,235
600,9270,233
600,9570,233
600,9871,232
600,10172,233
600,10474,233
600,10774,233
600,11074,233
600,11375,232
600,11675,233
875,11700,231
900,11424,232
900,11123,233
900,10822,233
900,10522,232
900,10222,233
900,9922,234
900,9621,233
900,9321,234
900,9019,234
900,8719,234
900,8419,233
900,8118,232
900,7818,231
900,7518,232
900,7218,230
900,6916,231
900,6616,230
900,6315,229
900,6015,231
900,5715,230
900,5414,229
900,5114,227
900,4813,225
900,4512,223
900,4212,223
900,3912,221
900,3611,219
900,3311,219
900,3011,220
900,2709,219
900,2409,218
900,2109,218
900,1808,220
900,1508,221
900,1208,222
900,907,222
900,606,223
900,306,223
900,5,224
1195,0,223
1200,295,223
1200,596,224
1200,896,222
1200,1198,221
1200,1499,219
1200,1799,219
1200,2100,219
1200,2400,219
1200,2700,220
1200,3001,221
1200,3301,223
1200,3603,224
1200,3903,226
1200,4203,225
1200,4503,228
1200,4804,230
1200,5104,229
1200,5404,229
1200,5706,231
1200,6006,231
1200,6307,231
1200,6607,231
1200,6907,232
1200,7207,232
1200,7508,233
1200,7809,233
1200,8110,233
1200,8410,234
1200,8710,235
1200,9011,236
1200,9311,234
1200,9611,234
1200,9913,234
1200,10213,233
1200,10513,234
1200,10814,232
1200,11114,232
1200,11414,232
1214,11700,231
1500,11684,231
1500,11384,231
1500,11083,232
1500,10783,233
1500,10483,234
1500,10182,235
1500,9882,234
1500,9581,235
1500,9280,234
1500,8980,235
1500,8680,235
1500,8379,233
1500,8079,234
1500,7779,234
1500,7477,234
1500,7177,233
1500,6877,233
1500,6576,233
1500,6276,232
1500,5976,231
1500,5675,231
1500,5374,231
1500,5072,231
1500,4772,229
1500,4472,227
1500,4171,227
1500,3871,228
1500,3571,225
1500,3270,223
1500,2969,220
1500,2669,220
1500,2368,218
1500,2068,219
1500,1768,220
1500,1467,221
1500,1167,222
1500,865,223
1500,565,223
1500,265,224
1535,0,224
1800,36,223
1800,336,223
1800,636,223
1800,938,222
1800,1238,220
1800,1539,219
1800,1839,218
1800,2139,217
1800,2439,221
1800,2740,221
1800,3041,223
1800,3342,226
1800,3642,229
1800,3942,226
1800,4243,227
1800,4543,230
1800,4843,232
1800,5145,233
1800,5445,234
1800,5745,234
1800,6046,234
1800,6346,234
1800,6646,236
1800,6947,235
1800,7248,236
1800,7548,235
1800,7849,236
1800,8149,235
1800,8449,235
1800,8750,236
1800,9050,235
1800,9351,235
1800,9653,237
1800,9953,236
1800,10254,236
1800,10554,235
1800,10854,233
1800,11155,232
1800,11455,233
1856,11700,232
2100,11643,232
2100,11343,233
2100,11043,233
2100,10742,235
2100,10442,235
2100,10142,236
2100,9840,236
2100,9540,237
2100,9240,235
2100,8939,235
2100,8639,236
2100,8339,237
2100,8038,238
2100,7737,236
2100,7437,236
2100,7136,235
2100,6836,234
2100,6536,235
2100,6235,233
2100,5935,234
2100,5633,235
2100,5333,234
2100,5033,233
2100,4733,232
2100,4432,229
2100,4132,227
2100,3832,228
2100,3530,225
2100,3230,223
2100,2929,220
2100,2629,219
2100,2329,217
2100,2029,216
2100,1728,217
2100,1427,220
2100,1126,222
2100,826,221
2100,526,222
2100,225,223
2175,0,223
2400,75,220
2400,377,220
2400,677,222
2400,977,220
2400,1278,218
2400,1578,216
2400,1878,216
2400,2179,219
2400,2480,218
2400,2782,220
2400,3082,225
2400,3382,228
2400,3683,227
2400,3983,227
2400,4283,230
2400,4583,232
2400,4885,234
2400,5185,234
2400,5486,235
2400,5786,235
2400,6086,234
2400,6387,234
2400,6687,237
2400,6988,237
2400,7289,236
2400,7589,236
2400,7889,236
2400,8190,237
2400,8490,237
2400,8790,237
2400,9092,236
2400,9392,238
2400,9692,236
2400,9993,236
2400,10293,236
2400,10593,234
2400,10894,234
2400,11195,231
2400,11495,231
2496,11700,232
2700,11604,232
2700,11304,234
2700,11003,234
2700,10703,234
2700,10401,234
2700,10101,235
2700,9801,234
2700,9501,235
2700,9200,236
2700,8900,237
2700,8600,237
2700,8298,236
2700,7998,237
2700,7697,236
2700,7397,236
2700,7097,236
2700,6797,234
2700,6496,234
2700,6195,233
2700,5893,234
2700,5593,233
2700,5293,233
2700,4992,232
2700,4692,231
2700,4392,227
2700,4091,226
2700,3790,227
2700,3489,225
2700,3189,222
2700,2889,219
2700,2589,218
2700,2288,217
2700,1988,217
2700,1686,216
2700,1386,217
2700,1086,218
2700,785,219
2700,485,219
2700,185,220
2815,0,219
3000,117,218
3000,417,218
3000,718,217
3000,1018,217
3000,1318,217
3000,1619,217
3000,1919,217
3000,2220,218
3000,2521,218
3000,2821,219
3000,3121,223
3000,3422,226
3000,3722,228
3000,4022,230
3000,4324,230
3000,4624,230
3000,4924,232
3000,5225,231
3000,5525,233
3000,5825,234
3000,6126,232
3000,6427,234
3000,6727,233
3000,7028,235
3000,7328,236
3000,7628,234
3000,7929,236
3000,8229,235
3000,8531,233
3000,8831,233
3000,9131,232
3000,9431,233
3000,9732,232
3000,10032,231
3000,10332,231
3000,10634,233
3000,10935,234
3000,11236,234
3000,11536,233
3136,11700,234
3300,11563,233
3300,11263,233
3300,10963,233
3300,10661,232
3300,10361,231
3300,10061,232
3300,9760,231
3300,9460,232
3300,9160,231
3300,8859,233
3300,8558,233
3300,8257,233
3300,7957,233
3300,7657,233
3300,7357,234
3300,7056,233
3300,6756,232
3300,6454,231
3300,6154,233
3300,5854,233
3300,5553,232
3300,5253,232
3300,4953,231
3300,4653,231
3300,4351,230
3300,4051,228
3300,3750,226
3300,3450,224
3300,3150,221
3300,2849,217
3300,2549,218
3300,2248,216
3300,1947,219
3300,1647,219
3300,1347,218
3300,1046,217
3300,746,217
3300,446,218
3300,144,218
3456,0,216
3600,156,216
3600,457,216
3600,757,216
3600,1057,218
3600,1358,218
3600,1659,217
3600,1961,217
3600,2261,217
3600,2561,216
3600,2862,219
3600,3162,223
3600,3462,225
3600,3763,225
3600,4064,229
3600,4364,229
3600,4665,231
3600,4965,229
3600,5265,231
3600,5566,232
3600,5866,232
3600,6167,231
3600,6468,232
3600,6768,233
3600,7068,233
3600,7369,232
3600,7669,233
3600,7969,233
3600,8271,232
3600,8571,231
3600,8871,232
3600,9172,232
3600,9472,230
3600,9772,230
3600,10073,230
3600,10374,230
3600,10675,230
3600,10975,232
3600,11275,232
3600,11575,232
3776,11700,231
3900,11524,232
3900,11222,231
3900,10922,231
3900,10622,230
3900,10321,229
3900,10021,230
3900,9721,229
3900,9421,231
3900,9119,230
3900,8819,233
3900,8518,232
3900,8218,233
3900,7918,233
3900,7617,233
3900,7317,232
3900,7016,231
3900,6715,231
3900,6415,230
3900,6115,232
3900,5814,232
3900,5514,231
3900,5214,230
3900,4912,228
3900,4611,230
3900,4310,229
3900,4010,227
3900,3710,224
3900,3409,222
3900,3109,219
3900,2809,217
3900,2507,217
3900,2207,216
3900,1907,216
3900,1606,216
3900,1306,219
3900,1006,217
3900,705,216
3900,404,214
3900,104,215
4096,0,214
4200,197,215
4200,497,215
4200,798,218
4200,1098,218
4200,1399,217
4200,1700,216
4200,2000,216
4200,2300,214
4200,2601,216
4200,2901,218
4200,3201,221
4200,3503,223
4200,3803,226
4200,4103,226
4200,4404,229
4200,4704,230
4200,5004,228
4200,5305,230
4200,5606,232
4200,5907,230
4200,6207,231
4200,6507,230
4200,6807,231
4200,7108,232
4200,7408,233
4200,7710,232
4200,8010,232
4200,8310,231
4200,8611,232
4200,8911,230
4200,9211,231
4200,9511,229
4200,9813,227
4200,10115,228
4200,10415,228
4200,10715,229
4200,11015,230
4200,11316,229
4200,11616,229
4416,11700,228
4500,11482,228
4500,11182,228
4500,10881,229
4500,10581,227
4500,10281,227
4500,9981,228
4500,9680,229
4500,9379,230
4500,9078,229
4500,8778,230
4500,8478,230
4500,8177,231
4500,7877,231
4500,7577,232
4500,7275,231
4500,6975,232
4500,6675,231
4500,6374,231
4500,6074,230
4500,5774,230
4500,5473,229
4500,5172,228
4500,4872,228
4500,4571,228
4500,4271,225
4500,3971,224
4500,3670,223
4500,3370,220
4500,3069,217
4500,2768,216
4500,2468,214
4500,2168,215
4500,1867,215
4500,1567,217
4500,1267,218
4500,965,217
4500,665,217
4500,365,214
4500,64,215
4736,0,216
4800,236,217
4800,537,215
4800,838,217
4800,1139,217
4800,1439,215
4800,1739,216
4800,2039,215
4800,2340,215
4800,2640,215
4800,2942,217
4800,3243,221
4800,3543,222
4800,3844,224
4800,4144,225
4800,4444,226
4800,4745,227
4800,5045,229
4800,5347,229
4800,5647,230
4800,5947,231
4800,6247,230
4800,6548,231
4800,6848,232
4800,7148,232
4800,7450,230
4800,7750,231
4800,8051,232
4800,8351,232
4800,8651,230
4800,8951,231
4800,9252,229
4800,9553,228
4800,9854,226
4800,10154,226
4800,10454,226
4800,10755,228
4800,11055,227
4800,11355,226
4800,11657,226
5057,11700,226
5100,11443,225
5100,11142,226
5100,10842,226
5100,10542,227
5100,10241,226
5100,9940,226
5100,9640,226
5100,9339,229
5100,9039,230
5100,8739,231
5100,8438,231
5100,8138,231
5100,7837,232
5100,7536,233
5100,7236,232
5100,6936,233
5100,6635,232
5100,6335,232
5100,6035,231
5100,5733,230
5100,5432,229
5100,5131,226
5100,4831,226
5100,4531,224
5100,4230,222
5100,3930,222
5100,3630,220
5100,3328,218
5100,3028,216
5100,2728,216
5100,2427,215
5100,2127,216
5100,1827,217
5100,1526,216
5100,1225,218
5100,925,218
5100,624,217
5100,324,217
5100,24,218
5376,0,217
5400,277,218
5400,579,218
5400,879,218
5400,1179,217
5400,1479,218
5400,1780,218
5400,2080,217
5400,2380,216
5400,2682,217
5400,2982,216
5400,3283,218
5400,3583,221
5400,3883,222
5400,4183,223
5400,4484,222
5400,4785,224
5400,5086,227
5400,5386,226
5400,5686,230
5400,5987,231
5400,6287,230
5400,6587,232
5400,6889,232
5400,7189,233
5400,7489,232
5400,7790,231
5400,8090,231
5400,8390,230
5400,8691,229
5400,8992,229
5400,9292,227
5400,9593,224
5400,9893,224
5400,10193,224
5400,10494,224
5400,10794,224
5400,11095,222
5400,11397,223
5400,11697,223
5697,11700,223
5700,11402,221
5700,11102,222
5700,10801,223
5700,10501,223
5700,10200,223
5700,9899,225
5700,9599,226
5700,9299,226
5700,8998,228
5700,8698,228
5700,8398,230
5700,8096,230
5700,7796,230
5700,7496,230
5700,7195,231
5700,6895,231
5700,6595,232
5700,6294,229
5700,5993,229
5700,5693,229
5700,5392,228
5700,5092,225
5700,4792,223
5700,4491,223
5700,4191,221
5700,3889,220
5700,3589,220
5700,3289,218
5700,2989,216
5700,2688,216
5700,2388,218
5700,2088,219
5700,1786,218
5700,1486,217
5700,1185,217
5700,885,218
5700,585,219
5700,285,217
5716,0,218
6000,17,219
6000,318,218
6000,618,218
6000,918,217
6000,1219,217
6000,1519,218
6000,1819,219
6000,2121,217
6000,2422,218
6000,2723,218
6000,3023,217
6000,3323,220
6000,3623,221
6000,3924,221
6000,4224,222
6000,4526,224
6000,4826,224
6000,5126,226
6000,5427,227
6000,5727,229
6000,6027,229
6000,6327,230
6000,6629,229
6000,6929,230
6000,7230,229
6000,7530,229
6000,7830,229
6000,8131,230
6000,8431,228
6000,8732,228
6000,9033,225
6000,9333,225
6000,9633,223
6000,9934,224
6000,10234,223
6000,10534,222
6000,10836,221
6000,11136,221
6000,11436,222
6036,11700,220
6300,11663,221
6300,11363,222
6300,11062,222
6300,10761,222
6300,10461,222
6300,10160,223
6300,9860,224
6300,9560,226
6300,9259,226
6300,8959,227
6300,8657,228
6300,8357,228
6300,8057,229
6300,7757,230
6300,7456,229
6300,7156,230
6300,6856,228
6300,6554,228
6300,6254,230
6300,5953,227
6300,5653,228
6300,5353,227
6300,5053,226
6300,4752,223
6300,4451,224
6300,4149,222
6300,3849,222
6300,3549,221
6300,3248,220
6300,2948,217
6300,2648,219
6300,2347,219
6300,2046,218
6300,1745,219
6300,1445,218
6300,1145,218
6300,845,219
6300,544,218
6300,244,219
6357,0,218
6600,58,219
6600,358,218
6600,659,219
6600,959,219
6600,1259,219
6600,1559,219
6600,1861,218
6600,2161,218
6600,2462,218
6600,2762,219
6600,3062,221
6600,3363,222
6600,3663,223
6600,3964,225
6600,4265,227
6600,4565,226
6600,4865,227
6600,5166,226
6600,5466,227
6600,5766,228
6600,6068,229
6600,6368,228
6600,6668,229
6600,6969,229
6600,7269,230
6600,7569,230
6600,7870,228
6600,8171,230
6600,8471,229
6600,8772,228
6600,9072,226
6600,9372,228
6600,9673,225
6600,9973,223
6600,10275,224
6600,10576,223
6600,10876,223
6600,11177,223
6600,11477,223
6677,11700,224
6900,11622,225
6900,11322,224
6900,11021,224
6900,10720,224
6900,10420,224
6900,10120,226
6900,9819,226
6900,9519,227
6900,9219,228
6900,8917,228
6900,8617,230
6900,8317,230
6900,8016,230
6900,7716,231
6900,7416,231
6900,7115,231
6900,6814,229
6900,6513,229
6900,6213,229
6900,5913,228
6900,5613,226
6900,5312,227
6900,5012,226
6900,4710,225
6900,4410,225
6900,4110,225
6900,3809,225
6900,3509,224
6900,3209,222
6900,2909,221
6900,2607,219
6900,2307,221
6900,2006,219
6900,1706,220
6900,1406,220
6900,1105,219
6900,805,219
6900,504,218
6900,203,218
6997,0,218
7200,97,219
7200,398,218
7200,698,219
7200,998,220
7200,1300,220
7200,1600,219
7200,1900,220
7200,2201,219
7200,2501,220
7200,2801,221
7200,3102,222
7200,3403,224
7200,3705,225
7200,4005,224
7200,4305,226
7200,4606,226
7200,4906,227
7200,5206,225
7200,5507,227
7200,5808,227
7200,6108,228
7200,6409,228
7200,6709,230
7200,7009,229
7200,7310,230
7200,7610,230
7200,7911,230
7200,8212,231
7200,8512,230
7200,8812,229
7200,9113,228
7200,9413,230
7200,9713,229
7200,10015,229
7200,10315,227
7200,10615,226
7200,10916,226
7200,11216,227
7200,11516,224
7316,11700,224
7500,11582,226
7500,11281,226
7500,10981,229
7500,10681,229
7500,10381,227
7500,10080,228
7500,9780,227
7500,9478,229
7500,9178,229
7500,8878,229
7500,8577,230
7500,8277,229
7500,7977,230
7500,7677,231
7500,7375,230
7500,7075,230
7500,6774,230
7500,6474,229
7500,6174,230
7500,5873,229
7500,5573,227
7500,5272,227
7500,4970,226
7500,4670,226
7500,4369,225
7500,4069,224
7500,3769,224
7500,3469,224
7500,3168,222
7500,2867,219
7500,2566,220
7500,2266,221
7500,1966,221
7500,1665,221
7500,1365,218
7500,1065,219
7500,763,218
7500,463,219
7500,163,218
7637,0,219
7800,138,218
7800,438,218
7800,739,219
7800,1040,219
7800,1340,220
7800,1641,220
7800,1941,220
7800,2241,220
7800,2542,220
7800,2842,222
7800,3143,224
7800,3444,224
7800,3744,224
7800,4044,225
7800,4345,226
7800,4645,227
7800,4945,226
7800,5247,227
7800,5547,230
7800,5847,230
7800,6148,232
7800,6448,230
7800,6748,231
7800,7049,230
7800,7350,231
7800,7651,230
7800,7951,230
7800,8251,229
7800,8551,229
7800,8852,229
7800,9152,229
7800,9454,230
7800,9754,229
7800,10054,227
7800,10355,227
7800,10655,228
7800,10955,229
7800,11255,228
7800,11557,222
7958,11700,214
8100,11541,220
8100,11241,226
8100,10941,227
8100,10640,226
8100,10340,225
8100,10040,229
8100,9738,229
8100,9438,231
8100,9137,230
8100,8837,229
8100,8537,228
8100,8237,228
8100,7936,231
8100,7635,230
8100,7334,232
8100,7034,231
8100,6734,232
8100,6433,232
8100,6133,232
8100,5833,231
8100,5531,229
8100,5231,227
8100,4931,227
8100,4630,227
8100,4330,228
8100,4030,226
8100,3729,225
8100,3428,223
8100,3128,224
8100,2827,222
8100,2527,221
8100,2227,221
8100,1926,219
8100,1626,218
8100,1325,219
8100,1024,220
8100,724,220
8100,424,219
8100,123,218
8277,0,218
8400,177,220
8400,479,221
8400,779,218
8400,1079,218
8400,1380,219
8400,1680,219
8400,1980,219
8400,2281,222
8400,2582,222
8400,2884,225
8400,3184,226
8400,3484,226
8400,3785,226
8400,4085,226
8400,4385,226
8400,4686,226
8400,4987,227
8400,5287,228
8400,5588,230
8400,5888,232
8400,6188,232
8400,6489,232
8400,6789,231
8400,7091,231
8400,7391,231
8400,7691,231
8400,7991,230
8400,8292,229
8400,8592,229
8400,8892,229
8400,9194,229
8400,9494,229
8400,9795,229
8400,10095,228
8400,10395,227
8400,10695,227
8400,10996,225
8400,11297,210
8400,11598,191
8598,11700,192
8700,11502,201
8700,11201,221
8700,10901,227
8700,10601,228
8700,10299,227
8700,9999,228
8700,9699,229
8700,9398,228
8700,9098,228
8700,8798,228
8700,8497,230
8700,8196,231
8700,7896,229
8700,7595,228
8700,7295,228
8700,6995,230
8700,6694,228
8700,6394,230
8700,6093,231
8700,5792,230
8700,5492,229
8700,5192,227
8700,4891,226
8700,4591,226
8700,4291,227
8700,3989,226
8700,3688,227
8700,3387,226
8700,3087,225
8700,2787,226
8700,2486,223
8700,2186,220
8700,1886,219
8700,1584,218
8700,1284,219
8700,984,219
8700,683,221
8700,383,221
8700,83,221
8917,0,222
9000,219,222
9000,519,221
9000,820,221
9000,1120,219
9000,1420,220
9000,1721,220
9000,2021,221
9000,2323,224
9000,2623,227
9000,2923,227
9000,3223,226
9000,3524,229
9000,3824,227
9000,4124,226
9000,4426,226
9000,4726,226
9000,5027,227
9000,5327,228
9000,5627,228
9000,5927,225
9000,6228,225
9000,6529,226
9000,6830,226
9000,7130,226
9000,7430,229
9000,7731,229
9000,8031,231
9000,8331,231
9000,8633,228
9000,8933,227
9000,9233,229
9000,9534,230
9000,9834,230
9000,10134,229
9000,10435,228
9000,10736,226
9000,11038,218
9000,11338,204
9000,11638,192
9238,11700,200
9300,11461,214
9300,11161,223
9300,10861,227
9300,10559,229
9300,10259,229
9300,9958,230
9300,9658,230
9300,9358,228
9300,9057,228
9300,8757,229
9300,8456,230
9300,8155,231
9300,7855,230
9300,7555,227
9300,7254,225
9300,6954,224
9300,6654,225
9300,6352,222
9300,6052,222
9300,5752,224
9300,5451,228
9300,5151,227
9300,4851,227
9300,4550,227
9300,4249,228
9300,3949,229
9300,3648,229
9300,3348,228
9300,3048,228
9300,2747,229
9300,2447,225
9300,2145,222
9300,1845,221
9300,1545,221
9300,1245,222
9300,944,223
9300,644,224
9300,344,223
9300,42,223
9558,0,224
9600,259,225
9600,559,223
9600,859,222
9600,1159,222
9600,1460,220
9600,1761,222
9600,2062,225
9600,2362,226
9600,2662,227
9600,2963,227
9600,3263,227
9600,3563,228
9600,3865,229
9600,4166,228
9600,4467,227
9600,4767,225
9600,5067,225
9600,5367,225
9600,5668,222
9600,5968,221
9600,6270,222
9600,6570,221
9600,6870,222
9600,7171,226
9600,7471,230
9600,7771,232
9600,8071,231
9600,8373,230
9600,8673,230
9600,8974,232
9600,9274,233
9600,9574,231
9600,9875,230
9600,10175,229
9600,10476,230
9600,10777,230
9600,11077,228
9600,11377,228
9600,11678,227
9878,11700,228
9900,11422,229
9900,11120,230
9900,10820,229
9900,10520,230
9900,10219,231
9900,9919,232
9900,9619,232
9900,9318,233
9900,9017,234
9900,8717,233
9900,8416,232
9900,8116,231
9900,7816,232
9900,7515,231
9900,7215,225
9900,6913,218
9900,6613,221
9900,6313,222
9900,6013,222
9900,5712,223
9900,5412,225
9900,5112,226
9900,4810,227
9900,4509,227
9900,4208,228
9900,3908,228
9900,3608,226
9900,3307,227
9900,3007,227
9900,2707,226
9900,2405,225
9900,2105,223
9900,1805,221
9900,1504,220
9900,1204,222
9900,904,223
9900,603,224
9900,302,225
9900,1,225
10199,0,225
10200,299,225
10200,600,223
10200,900,221
10200,1200,220
10200,1502,219
10200,1802,222
10200,2102,222
10200,2403,224
10200,2703,223
10200,3003,228
10200,3304,227
10200,3605,227
10200,3905,225
10200,4206,226
10200,4506,225
10200,4806,224
10200,5107,224
10200,5407,222
10200,5708,223
10200,6009,222
10200,6309,222
10200,6609,222
10200,6910,228
10200,7210,230
10200,7510,232
10200,7812,233
10200,8112,233
10200,8412,235
10200,8713,235
10200,9013,234
10200,9313,235
10200,9614,233
10200,9915,231
10200,10215,231
10200,10516,231
10200,10816,230
10200,11116,231
10200,11417,227
10217,11700,227
10500,11681,228
10500,11380,228
10500,11080,229
10500,10779,230
10500,10479,230
10500,10179,231
10500,9878,231
10500,9578,234
10500,9277,234
10500,8976,234
10500,8676,234
10500,8376,235
10500,8075,233
10500,7775,231
10500,7475,231
10500,7173,229
10500,6873,227
10500,6573,225
10500,6272,223
10500,5972,224
10500,5672,223
10500,5371,224
10500,5070,225
10500,4769,225
10500,4469,224
10500,4169,223
10500,3869,224
10500,3568,223
10500,3268,224
10500,2966,224
10500,2666,222
10500,2366,221
10500,2065,221
10500,1765,220
10500,1465,218
10500,1165,222
10500,863,222
10500,563,223
10500,262,221
10538,0,219
10800,38,218
10800,339,220
10800,639,221
10800,940,220
10800,1241,219
10800,1541,221
10800,1841,220
10800,2142,221
10800,2442,221
10800,2742,222
10800,3044,223
10800,3345,223
10800,3646,223
10800,3946,223
10800,4246,225
10800,4547,225
10800,4847,225
10800,5147,225
10800,5449,224
10800,5749,224
10800,6049,224
10800,6350,228
10800,6650,229
10800,6950,229
10800,7251,230
10800,7552,231
10800,7852,232
10800,8153,232
10800,8453,231
10800,8753,233
10800,9054,232
10800,9354,234
10800,9655,231
10800,9956,230
10800,10256,229
10800,10556,228
10800,10857,228
10800,11157,226
10800,11457,226
10859,11700,224
11100,11641,225
11100,11341,227
11100,11040,227
11100,10740,226
11100,10440,228
11100,10139,228
11100,9838,230
11100,9537,230
11100,9237,232
11100,8937,230
11100,8637,231
11100,8336,229
11100,8036,229
11100,7734,231
11100,7434,230
11100,7134,229
11100,6833,228
11100,6533,226
11100,6233,225
11100,5933,224
11100,5631,223
11100,5331,225
11100,5030,226
11100,4730,225
11100,4430,224
11100,4129,224
11100,3829,223
11100,3528,224
11100,3226,223
11100,2926,222
11100,2625,223
11100,2325,221
11100,2025,220
11100,1725,219
11100,1424,219
11100,1123,219
11100,822,219
11100,522,217
11100,222,216
11178,0,214
11400,79,215
11400,379,215
11400,681,217
11400,981,218
11400,1281,219
11400,1582,219
11400,1882,219
11400,2182,222
11400,2483,222
11400,2784,221
11400,3084,223
11400,3385,223
11400,3685,222
11400,3985,222
11400,4286,224
11400,4586,223
11400,4887,226
11400,5188,224
11400,5488,223
11400,5788,222
11400,6089,225
11400,6389,227
11400,6689,226
11400,6991,229
11400,7291,229
11400,7591,227
11400,7892,226
11400,8192,225
11400,8492,227
11400,8793,226
11400,9094,228
11400,9395,227
11400,9695,226
11400,9995,226
11400,10295,225
11400,10596,225
11400,10896,224
11400,11198,225
11400,11499,223
11499,11700,222
11700,11600,221
11700,11300,222
11700,11000,222
11700,10699,224
11700,10399,223
11700,10097,225
11700,9797,225
11700,9497,225
11700,9197,225
11700,8896,224
11700,8596,223
11700,8296,224
11700,7994,226
11700,7694,226
11700,7393,227
11700,7093,226
11700,6793,225
11700,6493,224
11700,6192,225
11700,5891,223
11700,5590,223
11700,5290,223
11700,4990,224
11700,4689,224
11700,4389,224
11700,4089,223
11700,3787,222
11700,3487,223
11700,3187,222
11700,2886,222
11700,2586,220
11700,2286,218
11700,1985,219
11700,1684,218
11700,1384,218
11700,1083,216
11700,783,214
11700,483,214
11700,182,214
11818,0,212
12000,119,212
12000,420,212
12000,720,215
12000,1020,216
12000,1321,217
12000,1621,218
12000,1921,219
12000,2223,219
12000,2523,220
12000,2823,221
12000,3124,221
12000,3424,222
12000,3724,225
12000,4025,223
12000,4326,223
12000,4628,223
12000,4928,225
12000,5228,224
12000,5529,224
12000,5829,224
12000,6129,225
12000,6430,225
12000,6731,225
12000,7031,225
12000,7332,223
12000,7632,222
12000,7932,222
12000,8233,222
12000,8533,222
12000,8835,223
12000,9135,224
12000,9435,222
12000,9735,222
12000,10036,222
12000,10336,221
12000,10636,220
12000,10938,220
12000,11238,219
12000,11539,219
12139,11700,217
12300,11561,217
12300,11261,220
12300,10960,218
12300,10659,220
12300,10358,219
12300,10058,221
12300,9758,220
12300,9457,221
12300,9157,221
12300,8857,220
12300,8555,223
12300,8255,222
12300,7955,221
12300,7654,221
12300,7354,222
12300,7054,223
12300,6753,225
12300,6452,225
12300,6152,226
12300,5851,224
12300,5551,227
12300,5251,225
12300,4950,224
12300,4650,224
12300,4349,223
12300,4047,222
12300,3747,223
12300,3446,220
12300,3146,222
12300,2846,221
12300,2545,220
12300,2245,221
12300,1944,220
12300,1643,220
12300,1343,216
12300,1043,216
12300,742,213
12300,442,212
12300,142,214
12460,0,214
12600,160,214
12600,460,213
12600,761,214
12600,1061,217
12600,1361,219
12600,1662,220
12600,1963,221
12600,2264,221
12600,2564,220
12600,2864,220
12600,3164,219
12600,3465,221
12600,3765,220
12600,4067,224
12600,4367,222
12600,4667,223
12600,4968,224
12600,5268,225
12600,5568,225
12600,5868,225
12600,6170,225
12600,6470,224
12600,6771,224
12600,7071,222
12600,7371,221
12600,7672,219
12600,7972,219
12600,8273,220
12600,8574,220
12600,8874,220
12600,9174,219
12600,9475,220
12600,9775,219
12600,10075,220
12600,10377,220
12600,10677,218
12600,10977,218
12600,11278,216
12600,11578,215
12778,11700,216
12900,11521,215
12900,11220,219
12900,10918,219
12900,10618,219
12900,10318,221
12900,10017,221
12900,9717,220
12900,9417,222
12900,9117,219
12900,8815,219
12900,8515,219
12900,8214,219
12900,7914,219
12900,7614,221
12900,7313,222
12900,7013,225
12900,6712,223
12900,6411,224
12900,6111,224
12900,5811,223
12900,5510,224
12900,5210,223
12900,4910,222
12900,4608,223
12900,4308,223
12900,4008,222
12900,3707,221
12900,3407,221
12900,3107,221
12900,2806,222
12900,2505,223
12900,2205,222
12900,1904,223
12900,1604,220
12900,1304,219
12900,1003,216
12900,703,216
12900,401,216
12900,101,216
13099,0,218
13200,199,218
13200,500,219
13200,800,219
13200,1100,222
13200,1402,222
13200,1702,225
13200,2003,224
13200,2303,224
13200,2603,222
13200,2903,222
13200,3204,220
13200,3505,222
13200,3807,222
13200,4107,222
13200,4407,223
13200,4708,224
13200,5008,223
13200,5308,222
13200,5609,223
13200,5910,224
13200,6211,223
13200,6511,223
13200,6811,223
13200,7111,221
13200,7412,222
13200,7712,219
13200,8014,218
13200,8314,219
13200,8614,220
13200,8915,221
13200,9215,222
13200,9515,221
13200,9815,223
13200,10117,220
13200,10417,221
13200,10718,218
13200,11018,218
13200,11318,215
13200,11619,216