0,114,239
0,415,240
0,715,240
0,1015,239
0,1317,240
0,1617,239
0,1917,237
0,2218,235
0,2518,234
0,2818,234
0,3119,233
0,3420,235
0,3722,237
0,4022,237
0,4322,237
0,4623,238
0,4923,237
0,5223,237
0,5524,237
0,5825,240
0,6125,243
0,6426,243
0,6726,246
0,7026,246
0,7327,246
0,7627,246
0,7928,245
0,8229,244
0,8529,244
0,8829,246
0,9130,245
0,9430,244
0,9730,244
0,10032,243
0,10332,243
0,10632,240
0,10933,240
0,11233,240
0,11533,237
134,11700,237
300,11565,238
300,11264,238
300,10964,241
300,10664,241
300,10363,244
300,10063,245
300,9763,243
300,9461,244
300,9161,245
300,8861,244
300,8560,244
300,8260,246
300,7960,246
300,7659,246
300,7358,247
300,7058,247
300,6757,245
300,6457,245
300,6157,242
300,5856,240
300,5556,238
300,5255,240
300,4954,238
300,4654,239
300,4354,239
300,4053,239
300,3753,237
300,3453,235
300,3151,234
300,2850,235
300,2549,236
300,2249,237
300,1949,239
300,1648,241
300,1348,240
300,1048,242
300,746,240
300,446,240
300,146,239
455,0,240
600,155,240
600,455,239
600,756,240
600,1057,241
600,1357,242
600,1658,240
600,1958,240
600,2258,239
600,2559,237
600,2859,238
600,3161,239
600,3461,241
600,3761,241
600,4061,242
600,4362,242
600,4662,240
600,4962,240
600,5264,242
600,5564,242
600,5865,244
600,6165,244
600,6465,246
600,6765,247
600,7066,246
600,7367,247
600,7668,245
600,7968,246
600,8268,244
600,8569,245
600,8869,244
600,9169,244
600,9471,245
600,9771,243
600,10071,242
600,10372,242
600,10672,241
600,10972,238
600,11273,237
600,11574,236
775,11700,235
900,11524,236
900,11224,238
900,10923,239
900,10623,240
900,10323,242
900,10023,242
900,9721,243
900,9421,244
900,9120,244
900,8820,245
900,8520,245
900,8219,245
900,7919,246
900,7618,246
900,7317,247
900,7017,247
900,6717,245
900,6416,246
900,6116,244
900,5816,245
900,5514,242
900,5214,241
900,4914,242
900,4613,243
900,4313,244
900,4013,243
900,3712,244
900,3411,242
900,3111,240
900,2810,241
900,2510,242
900,2210,242
900,1909,241
900,1609,242
900,1307,242
900,1007,241
900,707,240
900,407,238
900,106,240
1094,0,239
1200,194,239
1200,496,239
1200,796,241
1200,1097,242
1200,1397,242
1200,1697,241
1200,1998,242
1200,2298,245
1200,2599,243
1200,2900,244
1200,3200,245
1200,3500,247
1200,3801,248
1200,4101,248
1200,4401,247
1200,4703,248
1200,5004,246
1200,5305,246
1200,5605,245
1200,5905,245
1200,6206,244
1200,6506,244
1200,6806,245
1200,7108,247
1200,7408,247
1200,7708,246
1200,8009,245
1200,8309,243
1200,8609,244
1200,8910,245
1200,9211,242
1200,9511,243
1200,9812,242
1200,10112,239
1200,10412,239
1200,10713,237
1200,11013,236
1200,11314,236
1200,11615,234
1415,11700,235
1500,11485,235
1500,11184,236
1500,10884,238
1500,10584,238
1500,10282,240
1500,9982,240
1500,9682,241
1500,9381,242
1500,9081,242
1500,8781,243
1500,8480,243
1500,8179,244
1500,7878,243
1500,7578,246
1500,7278,246
1500,6978,245
1500,6677,244
1500,6377,243
1500,6075,244
1500,5775,246
1500,5475,247
1500,5174,247
1500,4874,249
1500,4574,249
1500,4274,250
1500,3972,250
1500,3670,250
1500,3370,246
1500,3070,245
1500,2770,243
1500,2469,244
1500,2169,242
1500,1869,242
1500,1567,240
1500,1267,241
1500,966,240
1500,666,238
1500,366,237
1500,66,237
1735,0,236
1800,236,237
1800,537,237
1800,837,238
1800,1137,240
1800,1438,239
1800,1738,240
1800,2038,242
1800,2340,243
1800,2640,244
1800,2940,244
1800,3241,248
1800,3541,251
1800,3841,251
1800,4142,250
1800,4443,250
1800,4743,249
1800,5044,247
1800,5344,247
1800,5644,243
1800,5945,243
1800,6245,244
1800,6546,244
1800,6847,245
1800,7147,245
1800,7447,245
1800,7748,245
1800,8048,243
1800,8348,243
1800,8650,243
1800,8950,243
1800,9250,241
1800,9551,241
1800,9851,240
1800,10151,239
1800,10452,239
1800,10753,237
1800,11054,236
1800,11354,236
1800,11654,235
2054,11700,235
2100,11445,235
2100,11145,237
2100,10843,238
2100,10542,238
2100,10242,240
2100,9941,241
2100,9641,242
2100,9341,243
2100,9040,244
2100,8740,243
2100,8438,243
2100,8138,243
2100,7838,244
2100,7538,244
2100,7237,244
2100,6937,245
2100,6637,243
2100,6335,243
2100,6035,244
2100,5734,243
2100,5434,246
2100,5134,248
2100,4834,251
2100,4533,250
2100,4232,252
2100,3931,250
2100,3631,250
2100,3331,247
2100,3030,246
2100,2730,242
2100,2430,242
2100,2128,240
2100,1828,240
2100,1528,239
2100,1227,238
2100,927,237
2100,627,237
2100,326,236
2100,25,234
2375,0,234
2400,276,235
2400,576,237
2400,876,238
2400,1177,239
2400,1477,237
2400,1778,239
2400,2079,241
2400,2379,241
2400,2679,244
2400,2980,245
2400,3280,249
2400,3580,251
2400,3882,252
2400,4183,252
2400,4484,250
2400,4784,249
2400,5084,247
2400,5385,244
2400,5685,244
2400,5985,244
2400,6287,244
2400,6587,243
2400,6887,243
2400,7188,245
2400,7488,243
2400,7788,243
2400,8089,244
2400,8390,242
2400,8690,244
2400,8991,244
2400,9291,242
2400,9591,242
2400,9892,240
2400,10192,239
2400,10494,238
2400,10794,239
2400,11094,236
2400,11394,235
2400,11695,235
2695,11700,234
2700,11405,235
2700,11103,237
2700,10803,238
2700,10502,237
2700,10202,239
2700,9902,240
2700,9602,242
2700,9301,242
2700,9000,244
2700,8699,242
2700,8399,242
2700,8099,242
2700,7798,245
2700,7498,244
2700,7198,244
2700,6896,243
2700,6596,243
2700,6296,243
2700,5995,246
2700,5695,245
2700,5395,247
2700,5094,247
2700,4793,249
2700,4493,251
2700,4192,251
2700,3892,250
2700,3592,248
2700,3291,245
2700,2991,243
2700,2690,242
2700,2388,239
2700,2088,237
2700,1787,238
2700,1487,236
2700,1187,237
2700,886,237
2700,586,234
2700,285,234
2715,0,232
3000,16,232
3000,316,234
3000,617,234
3000,917,234
3000,1217,234
3000,1519,234
3000,1819,234
3000,2119,238
3000,2420,239
3000,2720,241
3000,3020,244
3000,3321,246
3000,3622,248
3000,3922,248
3000,4223,249
3000,4523,248
3000,4823,248
3000,5124,249
3000,5424,246
3000,5726,245
3000,6026,244
3000,6326,242
3000,6626,243
3000,6927,243
3000,7227,244
3000,7527,244
3000,7829,242
3000,8129,242
3000,8430,243
3000,8730,241
3000,9030,241
3000,9330,240
3000,9631,239
3000,9932,237
3000,10233,237
3000,10533,236
3000,10833,236
3000,11134,234
3000,11434,232
3034,11700,231
3300,11664,230
3300,11363,233
3300,11062,234
3300,10762,235
3300,10462,236
3300,10162,236
3300,9861,240
3300,9561,241
3300,9259,242
3300,8959,241
3300,8659,241
3300,8358,241
3300,8058,244
3300,7758,242
3300,7458,242
3300,7156,242
3300,6856,242
3300,6555,242
3300,6255,242
3300,5955,245
3300,5654,245
3300,5354,247
3300,5053,247
3300,4752,248
3300,4452,247
3300,4152,248
3300,3851,246
3300,3551,244
3300,3251,242
3300,2949,239
3300,2649,237
3300,2349,236
3300,2048,232
3300,1748,232
3300,1448,232
3300,1147,231
3300,846,231
3300,546,231
3300,245,233
3355,0,233
3600,55,231
3600,356,230
3600,656,229
3600,958,229
3600,1258,229
3600,1558,229
3600,1858,232
3600,2159,233
3600,2459,236
3600,2759,239
3600,3061,241
3600,3361,243
3600,3662,244
3600,3962,244
3600,4262,245
3600,4562,247
3600,4863,246
3600,5164,246
3600,5466,246
3600,5766,244
3600,6066,244
3600,6367,244
3600,6667,242
3600,6967,243
3600,7268,244
3600,7569,242
3600,7870,242
3600,8170,243
3600,8470,242
3600,8770,241
3600,9071,240
3600,9371,239
3600,9673,237
3600,9973,236
3600,10273,235
3600,10574,233
3600,10874,234
3600,11174,232
3600,11474,229
3676,11700,227
3900,11624,232
3900,11323,233
3900,11023,234
3900,10723,233
3900,10422,236
3900,10122,236
3900,9821,237
3900,9520,239
3900,9220,239
3900,8920,239
3900,8619,241
3900,8319,242
3900,8019,243
3900,7717,242
3900,7417,244
3900,7117,242
3900,6816,243
3900,6516,242
3900,6216,242
3900,5915,244
3900,5614,245
3900,5314,245
3900,5013,243
3900,4713,245
3900,4413,244
3900,4112,243
3900,3812,241
3900,3510,240
3900,3209,239
3900,2909,236
3900,2608,233
3900,2308,232
3900,2008,229
3900,1707,227
3900,1407,226
3900,1106,226
3900,805,227
3900,505,227
3900,205,228
3995,0,227
4200,96,225
4200,396,222
4200,698,224
4200,998,225
4200,1298,225
4200,1599,227
4200,1899,229
4200,2199,232
4200,2500,235
4200,2801,236
4200,3102,236
4200,3402,240
4200,3702,240
4200,4002,241
4200,4303,241
4200,4603,240
4200,4905,241
4200,5205,242
4200,5505,242
4200,5806,243
4200,6106,243
4200,6406,242
4200,6706,241
4200,7008,243
4200,7308,242
4200,7609,242
4200,7909,239
4200,8209,242
4200,8510,240
4200,8810,240
4200,9111,239
4200,9412,237
4200,9712,237
4200,10012,235
4200,10313,233
4200,10613,231
4200,10913,233
4200,11215,231
4200,11515,230
4315,11700,230
4500,11584,231
4500,11284,234
4500,10984,234
4500,10683,234
4500,10382,234
4500,10080,236
4500,9780,236
4500,9480,238
4500,9179,239
4500,8879,241
4500,8579,239
4500,8278,239
4500,7977,239
4500,7677,241
4500,7376,242
4500,7076,241
4500,6776,240
4500,6475,240
4500,6175,242
4500,5874,241
4500,5573,240
4500,5273,239
4500,4973,238
4500,4672,238
4500,4372,238
4500,4072,238
4500,3770,239
4500,3470,238
4500,3170,239
4500,2869,236
4500,2569,234
4500,2269,231
4500,1968,228
4500,1667,226
4500,1366,225
4500,1066,224
4500,766,222
4500,466,224
4500,165,224
4635,0,226
4800,137,224
4800,437,224
4800,737,225
4800,1038,225
4800,1338,226
4800,1638,229
4800,1938,233
4800,2240,234
4800,2540,236
4800,2841,238
4800,3141,239
4800,3441,239
4800,3742,240
4800,4042,237
4800,4343,237
4800,4645,238
4800,4945,240
4800,5246,239
4800,5546,239
4800,5846,239
4800,6146,239
4800,6447,240
4800,6748,239
4800,7049,240
4800,7349,240
4800,7649,240
4800,7950,239
4800,8250,239
4800,8550,240
4800,8852,237
4800,9152,237
4800,9452,236
4800,9753,236
4800,10053,235
4800,10353,233
4800,10654,234
4800,10955,234
4800,11255,235
4800,11556,232
4956,11700,233
5100,11544,235
5100,11243,237
5100,10943,236
5100,10642,234
5100,10341,237
5100,10041,237
5100,9741,236
5100,9440,238
5100,9140,237
5100,8840,238
5100,8538,237
5100,8238,239
5100,7938,240
5100,7637,240
5100,7337,239
5100,7037,238
5100,6736,239
5100,6435,238
5100,6134,238
5100,5834,237
5100,5534,238
5100,5234,237
5100,4933,238
5100,4633,236
5100,4331,238
5100,4031,239
5100,3731,239
5100,3430,240
5100,3130,239
5100,2830,239
5100,2530,237
5100,2228,235
5100,1926,231
5100,1626,225
5100,1326,222
5100,1026,223
5100,725,225
5100,425,226
5100,125,227
5277,0,230
5400,177,228
5400,478,225
5400,778,223
5400,1078,223
5400,1378,222
5400,1679,225
5400,1980,232
5400,2281,236
5400,2581,238
5400,2881,241
5400,3182,240
5400,3482,239
5400,3782,239
5400,4084,238
5400,4384,236
5400,4684,238
5400,4985,238
5400,5285,237
5400,5585,238
5400,5886,237
5400,6187,238
5400,6487,238
5400,6788,238
5400,7088,240
5400,7388,240
5400,7689,239
5400,7989,239
5400,8290,239
5400,8591,238
5400,8891,238
5400,9191,237
5400,9492,238
5400,9792,238
5400,10092,236
5400,10394,237
5400,10694,236
5400,10994,234
5400,11295,235
5400,11595,232
5595,11700,232
5700,11504,235
5700,11203,236
5700,10901,238
5700,10601,239
5700,10301,237
5700,10000,238
5700,9700,236
5700,9400,239
5700,9099,238
5700,8798,237
5700,8498,238
5700,8197,240
5700,7897,240
5700,7597,239
5700,7296,240
5700,6996,237
5700,6694,238
5700,6394,238
5700,6094,239
5700,5794,238
5700,5493,238
5700,5193,238
5700,4893,237
5700,4591,237
5700,4291,239
5700,3990,239
5700,3690,240
5700,3390,240
5700,3090,239
5700,2789,237
5700,2488,235
5700,2187,227
5700,1887,221
5700,1587,223
5700,1286,223
5700,986,223
5700,686,225
5700,384,231
5700,84,232
5916,0,233
6000,217,233
6000,517,229
6000,817,225
6000,1118,224
6000,1419,224
6000,1719,222
6000,2020,227
6000,2320,230
6000,2620,234
6000,2921,237
6000,3221,240
6000,3522,241
6000,3823,240
6000,4123,237
6000,4423,239
6000,4724,238
6000,5024,237
6000,5324,238
6000,5626,238
6000,5927,239
6000,6228,238
6000,6528,238
6000,6828,239
6000,7129,239
6000,7429,240
6000,7729,241
6000,8031,241
6000,8331,239
6000,8631,239
6000,8932,236
6000,9232,237
6000,9532,239
6000,9833,238
6000,10134,239
6000,10434,239
6000,10735,238
6000,11035,237
6000,11335,235
6000,11636,235
6236,11700,236
6300,11462,238
6300,11162,239
6300,10862,240
6300,10562,242
6300,10261,240
6300,9961,240
6300,9661,237
6300,9359,238
6300,9059,237
6300,8758,239
6300,8458,238
6300,8158,240
6300,7858,241
6300,7557,242
6300,7256,239
6300,6955,240
6300,6655,240
6300,6355,240
6300,6054,238
6300,5754,240
6300,5454,237
6300,5152,236
6300,4852,238
6300,4552,238
6300,4251,238
6300,3951,238
6300,3651,237
6300,3350,234
6300,3049,232
6300,2747,231
6300,2447,227
6300,2147,228
6300,1846,224
6300,1546,225
6300,1246,227
6300,946,232
6300,644,235
6300,344,236
6300,43,236
6557,0,236
6600,257,236
6600,558,237
6600,858,235
6600,1159,233
6600,1460,229
6600,1760,227
6600,2060,230
6600,2361,233
6600,2661,230
6600,2961,231
6600,3263,232
6600,3563,235
6600,3863,236
6600,4164,238
6600,4464,240
6600,4764,239
6600,5065,240
6600,5366,239
6600,5666,241
6600,5967,240
6600,6267,240
6600,6567,240
6600,6868,238
6600,7168,240
6600,7470,240
6600,7770,241
6600,8070,240
6600,8370,239
6600,8671,240
6600,8971,238
6600,9271,238
6600,9573,239
6600,9873,241
6600,10174,242
6600,10474,242
6600,10774,241
6600,11074,241
6600,11375,237
6600,11676,237
6876,11700,239
6900,11423,239
6900,11123,242
6900,10822,242
6900,10522,243
6900,10222,242
6900,9920,241
6900,9619,239
6900,9318,238
6900,9018,239
6900,8718,239
6900,8418,240
6900,8117,239
6900,7817,241
6900,7515,239
6900,7215,241
6900,6915,239
6900,6614,241
6900,6314,240
6900,6014,241
6900,5714,241
6900,5412,238
6900,5112,239
6900,4811,239
6900,4511,236
6900,4211,234
6900,3910,231
6900,3610,229
6900,3309,230
6900,3008,230
6900,2708,231
6900,2408,230
6900,2107,232
6900,1807,232
6900,1507,236
6900,1205,237
6900,905,237
6900,605,236
6900,304,236
6900,4,235
7196,0,236
7200,297,237
7200,598,237
7200,898,238
7200,1199,238
7200,1499,237
7200,1799,233
7200,2100,231
7200,2400,229
7200,2702,230
7200,3002,231
7200,3302,227
7200,3602,229
7200,3903,228
7200,4203,231
7200,4503,233
7200,4805,236
7200,5106,238
7200,5407,240
7200,5707,241
7200,6007,241
7200,6308,241
7200,6608,239
7200,6908,239
7200,7210,241
7200,7510,241
7200,7810,241
7200,8111,241
7200,8411,239
7200,8711,237
7200,9012,237
7200,9313,238
7200,9614,239
7200,9914,240
7200,10214,243
7200,10514,243
7200,10815,242
7200,11115,241
7200,11417,239
7217,11700,237
7500,11683,238
7500,11382,240
7500,11082,239
7500,10782,240
7500,10482,241
7500,10180,239
7500,9880,239
7500,9579,238
7500,9279,237
7500,8979,236
7500,8678,237
7500,8378,239
7500,8077,241
7500,7776,241
7500,7476,241
7500,7176,240
7500,6875,240
7500,6575,240
7500,6275,241
7500,5973,240
7500,5673,238
7500,5373,233
7500,5072,232
7500,4772,231
7500,4472,228
7500,4171,228
7500,3870,228
7500,3570,229
7500,3269,229
7500,2969,230
7500,2669,231
7500,2368,233
7500,2068,236
7500,1766,237
7500,1465,237
7500,1165,237
7500,864,235
7500,564,236
7500,264,236
7536,0,236
7800,37,235
7800,338,237
7800,639,236
7800,939,236
7800,1239,236
7800,1540,238
7800,1840,238
7800,2140,237
7800,2442,234
7800,2742,232
7800,3042,229
7800,3343,230
7800,3643,227
7800,3943,228
7800,4244,227
7800,4545,228
7800,4846,228
7800,5146,230
7800,5446,232
7800,5746,235
7800,6047,239
7800,6347,239
7800,6649,239
7800,6949,240
7800,7249,240
7800,7550,241
7800,7850,239
7800,8150,240
7800,8450,237
7800,8752,236
7800,9052,237
7800,9353,238
7800,9653,240
7800,9953,239
7800,10254,240
7800,10554,239
7800,10855,238
7800,11156,239
7800,11456,237
7856,11700,237
8100,11643,237
8100,11343,238
8100,11043,237
8100,10741,238
8100,10440,239
8100,10139,239
8100,9839,238
8100,9539,238
8100,9238,237
8100,8938,237
8100,8638,237
8100,8336,238
8100,8036,239
8100,7736,240
8100,7435,240
8100,7135,240
8100,6835,240
8100,6534,237
8100,6233,235
8100,5933,234
8100,5632,230
8100,5332,229
8100,5032,228
8100,4731,230
8100,4431,228
8100,4130,228
8100,3829,229
8100,3529,232
8100,3229,236
8100,2928,237
8100,2628,238
8100,2328,238
8100,2026,237
8100,1726,236
8100,1426,237
8100,1125,236
8100,825,236
8100,525,236
8100,224,237
8177,0,236
8400,78,238
8400,378,237
8400,678,235
8400,978,236
8400,1279,236
8400,1579,236
8400,1881,236
8400,2181,240
8400,2481,239
8400,2782,239
8400,3082,239
8400,3382,236
8400,3682,230
8400,3984,229
8400,4284,230
8400,4585,229
8400,4885,230
8400,5185,231
8400,5486,231
8400,5786,233
8400,6087,235
8400,6389,237
8400,6689,239
8400,6990,240
8400,7290,239
8400,7590,240
8400,7890,239
8400,8191,237
8400,8492,238
8400,8793,238
8400,9093,238
8400,9393,236
8400,9694,238
8400,9994,237
8400,10294,238
8400,10596,236
8400,10896,237
8400,11196,236
8400,11497,237
8497,11700,236
8700,11603,235
8700,11302,235
8700,11001,236
8700,10701,236
8700,10400,236
8700,10100,237
8700,9800,238
8700,9499,237
8700,9199,236
8700,8898,237
8700,8597,236
8700,8297,238
8700,7997,239
8700,7696,240
8700,7396,238
8700,7096,239
8700,6794,236
8700,6494,235
8700,6194,235
8700,5893,233
8700,5593,231
8700,5293,232
8700,4992,231
8700,4691,229
8700,4390,230
8700,4090,233
8700,3790,237
8700,3490,239
8700,3189,240
8700,2889,239
8700,2587,239
8700,2286,238
8700,1986,236
8700,1685,235
8700,1385,236
8700,1085,236
8700,784,237
8700,484,238
8700,182,238
8818,0,238
9000,118,238
9000,418,237
9000,719,238
9000,1019,238
9000,1319,238
9000,1621,238
9000,1921,238
9000,2222,239
9000,2522,240
9000,2822,241
9000,3122,241
9000,3423,240
9000,3724,241
9000,4025,238
9000,4325,235
9000,4625,234
9000,4926,233
9000,5226,232
9000,5526,232
9000,5828,233
9000,6128,234
9000,6428,236
9000,6729,236
9000,7029,236
9000,7329,237
9000,7630,237
9000,7931,236
9000,8231,235
9000,8532,235
9000,8832,235
9000,9132,236
9000,9433,236
9000,9733,238
9000,10034,237
9000,10335,235
9000,10635,235
9000,10935,233
9000,11236,234
9000,11536,235
9136,11700,234
9300,11562,233
9300,11262,233
9300,10962,233
9300,10661,235
9300,10361,235
9300,10061,235
9300,9760,234
9300,9459,234
9300,9157,233
9300,8857,233
9300,8557,232
9300,8256,234
9300,7956,234
9300,7656,234
9300,7355,233
9300,7054,234
9300,6754,234
9300,6453,233
9300,6153,233
9300,5853,232
9300,5552,232
9300,5252,231
9300,4950,235
9300,4650,237
9300,4350,239
9300,4050,241
9300,3749,243
9300,3449,243
9300,3149,240
9300,2847,241
9300,2547,240
9300,2246,239
9300,1946,239
9300,1646,238
9300,1346,239
9300,1045,239
9300,744,237
9300,443,234
9300,143,234
9457,0,227
9600,158,229
9600,458,233
9600,758,236
9600,1060,239
9600,1360,240
9600,1660,240
9600,1961,242
9600,2261,240
9600,2561,240
9600,2862,242
9600,3163,241
9600,3463,242
9600,3764,238
9600,4064,234
9600,4364,231
9600,4665,230
9600,4965,229
9600,5266,229
9600,5568,230
9600,5868,226
9600,6169,227
9600,6469,228
9600,6769,228
9600,7070,231
9600,7370,230
9600,7671,231
9600,7972,231
9600,8272,231
9600,8572,230
9600,8873,232
9600,9173,233
9600,9473,233
9600,9775,233
9600,10075,233
9600,10375,233
9600,10676,232
9600,10976,232
9600,11276,233
9600,11577,233
9778,11700,232
9900,11522,232
9900,11221,232
9900,10921,232
9900,10621,232
9900,10320,232
9900,10020,233
9900,9718,232
9900,9418,232
9900,9118,231
9900,8818,230
9900,8517,230
9900,8217,229
9900,7917,230
9900,7615,229
9900,7315,228
9900,7014,229
9900,6714,226
9900,6414,226
9900,6114,226
9900,5813,228
9900,5512,229
9900,5211,229
9900,4911,226
9900,4611,224
9900,4310,222
9900,4010,219
9900,3710,221
9900,3408,229
9900,3108,240
9900,2808,242
9900,2507,243
9900,2207,242
9900,1907,243
9900,1606,240
9900,1305,237
9900,1003,235
9900,703,231
9900,403,229
9900,102,229
10098,0,230
10200,198,229
10200,498,233
10200,800,236
10200,1100,241
10200,1401,244
10200,1701,244
10200,2001,242
10200,2302,239
10200,2602,200
10200,2903,176
10200,3204,181
10200,3504,195
10200,3804,206
10200,4105,215
10200,4405,222
10200,4705,224
10200,5007,228
10200,5307,228
10200,5607,229
10200,5908,227
10200,6208,226
10200,6508,228
10200,6809,228
10200,7110,228
10200,7410,229
10200,7711,231
10200,8011,230
10200,8311,231
10200,8612,232
10200,8912,230
10200,9214,230
10200,9514,232
10200,9814,232
10200,10114,232
10200,10415,234
10200,10715,231
10200,11015,231
10200,11317,232
10200,11617,232
10417,11700,231
10500,11482,230
10500,11182,233
10500,10882,232
10500,10581,233
10500,10280,233
10500,9978,233
10500,9678,232
10500,9378,233
10500,9077,233
10500,8777,232
10500,8477,231
10500,8176,231
10500,7875,231
10500,7574,232
10500,7274,229
10500,6974,229
10500,6674,228
10500,6373,229
10500,6073,229
10500,5771,229
10500,5471,230
10500,5171,229
10500,4870,223
10500,4570,219
10500,4270,211
10500,3970,199
10500,3668,181
10500,3368,164
10500,3067,148
10500,2767,173
10500,2467,222
10500,2166,245
10500,1866,244
10500,1565,245
10500,1264,242
10500,964,237
10500,664,231
10500,363,228
10500,63,227
10737,0,233
10800,239,235
10800,539,238
10800,839,241
10800,1140,243
10800,1440,243
10800,1740,245
10800,2041,244
10800,2342,218
10800,2642,166
10800,2943,166
10800,3243,185
10800,3543,200
10800,3844,214
10800,4144,221
10800,4446,226
10800,4746,230
10800,5046,232
10800,5346,232
10800,5647,231
10800,5947,232
10800,6247,230
10800,6549,231
10800,6850,232
10800,7151,233
10800,7451,233
10800,7751,232
10800,8052,232
10800,8352,233
10800,8652,232
10800,8954,234
10800,9254,234
10800,9554,234
10800,9855,236
10800,10155,236
10800,10455,234
10800,10756,234
10800,11057,233
10800,11358,232
10800,11658,233
11058,11700,233
11100,11442,234
11100,11141,235
11100,10841,236
11100,10539,235
11100,10239,236
11100,9939,236
11100,9638,236
11100,9338,236
11100,9038,235
11100,8738,234
11100,8436,235
11100,8136,235
11100,7835,238
11100,7535,237
11100,7235,237
11100,6934,238
11100,6634,238
11100,6333,236
11100,6032,236
11100,5732,237
11100,5432,236
11100,5131,237
11100,4831,238
11100,4531,240
11100,4229,240
11100,3929,239
11100,3629,239
11100,3328,239
11100,3028,240
11100,2728,245
11100,2427,245
11100,2126,245
11100,1824,245
11100,1524,244
11100,1224,242
11100,923,242
11100,623,241
11100,323,241
11100,22,241
11379,0,241
11400,279,243
11400,580,243
11400,880,243
11400,1180,243
11400,1481,245
11400,1781,244
11400,2082,245
11400,2383,245
11400,2683,246
11400,2983,245
11400,3284,245
11400,3584,244
11400,3884,244
11400,4186,243
11400,4486,242
11400,4786,242
11400,5087,239
11400,5387,239
11400,5687,241
11400,5988,240
11400,6289,241
11400,6590,240
11400,6890,240
11400,7190,240
11400,7490,240
11400,7791,240
11400,8091,239
11400,8393,237
11400,8693,237
11400,8993,236
11400,9294,237
11400,9594,237
11400,9894,236
11400,10194,237
11400,10496,236
11400,10796,236
11400,11097,236
11400,11397,235
11400,11697,236
11697,11700,236
11700,11402,236
11700,11101,237
11700,10800,238
11700,10500,237
11700,10200,237
11700,9899,237
11700,9599,237
11700,9299,237
11700,8997,237
11700,8696,238
11700,8395,240
11700,8095,241
11700,7795,240
11700,7494,242
11700,7194,241
11700,6894,241
11700,6592,242
11700,6292,243
11700,5992,242
11700,5691,242
11700,5391,242
11700,5091,242
11700,4790,242
11700,4489,243
11700,4189,244
11700,3888,244
11700,3588,246
11700,3288,245
11700,2987,246
11700,2687,246
11700,2386,245
11700,2085,245
11700,1785,243
11700,1485,243
11700,1184,242
11700,884,242
11700,584,242
11700,282,241
11718,0,241
12000,18,239
12000,319,240
12000,619,241
12000,919,240
12000,1220,242
12000,1521,242
12000,1822,244
12000,2122,244
12000,2422,245
12000,2722,246
12000,3023,246
12000,3323,245
12000,3625,245
12000,3925,244
12000,4225,244
12000,4526,242
12000,4826,243
12000,5126,242
12000,5426,245
12000,5728,244
12000,6030,242
12000,6330,243
12000,6630,242
12000,6930,240
12000,7231,240
12000,7531,241
12000,7831,240
12000,8133,239
12000,8433,239
12000,8734,237
12000,9034,237
12000,9334,236
12000,9634,238
12000,9935,237
12000,10236,236
12000,10537,236
12000,10837,237
12000,11137,237
12000,11438,237
12038,11700,237
12300,11662,236
12300,11360,236
12300,11060,236
12300,10760,236
12300,10459,236
12300,10159,236
12300,9859,236
12300,9558,236
12300,9257,237
12300,8957,236
12300,8656,238
12300,8356,238
12300,8056,239
12300,7755,240
12300,7455,241
12300,7154,241
12300,6853,241
12300,6553,244
12300,6253,242
12300,5952,244
12300,5652,244
12300,5352,243
12300,5050,242
12300,4750,242
12300,4450,244
12300,4149,246
12300,3849,244
12300,3549,247
12300,3248,245
12300,2947,246
12300,2646,244
12300,2346,243
12300,2046,242
12300,1746,241
12300,1445,240
12300,1145,241
12300,843,240
12300,542,241
12300,242,239
12359,0,241
12600,59,240
12600,359,240
12600,660,240
12600,960,239
12600,1262,241
12600,1562,241
12600,1862,240
12600,2162,243
12600,2463,244
12600,2763,244
12600,3063,245
12600,3365,244
12600,3665,243
12600,3966,243
12600,4266,241
12600,4566,243
12600,4866,244
12600,5167,244
12600,5468,246
12600,5769,243
12600,6069,243
12600,6369,244
12600,6670,242
12600,6970,242
12600,7270,241
12600,7572,241
12600,7872,240
12600,8172,238
12600,8473,237
12600,8773,236
12600,9073,235
12600,9374,236
12600,9675,235
12600,9975,235
12600,10276,234
12600,10576,234
12600,10876,233
12600,11177,234
12600,11477,236
12678,11700,232
12900,11621,234
12900,11321,232
12900,11021,233
12900,10720,233
12900,10420,235
12900,10120,234
12900,9818,236
12900,9517,235
12900,9216,235
12900,8916,237
12900,8616,238
12900,8315,240
12900,8015,239
12900,7715,240
12900,7413,242
12900,7113,243
12900,6813,242
12900,6512,243
12900,6212,244
12900,5912,244
12900,5611,245
12900,5310,244
12900,5010,242
12900,4709,242
12900,4409,242
12900,4109,243
12900,3808,244
12900,3508,244
12900,3206,244
12900,2906,244
12900,2606,244
12900,2306,242
12900,2005,242
12900,1705,240
12900,1405,240
12900,1103,237
12900,803,240
12900,502,239
12900,202,240
12998,0,240
13200,98,239
13200,399,239
13200,700,239
13200,1001,239
13200,1301,240
13200,1601,241
13200,1902,241
13200,2202,243
13200,2502,243
13200,2804,243
13200,3104,242
13200,3404,243
13200,3705,241
13200,4005,241
13200,4305,241
13200,4606,241
13200,4907,240
13200,5207,245
13200,5508,244
13200,5808,243
13200,6108,245
13200,6409,244
13200,6709,243
13200,7010,240
13200,7312,241
13200,7612,241
13200,7913,240
13200,8213,240
13200,8513,237
13200,8814,237
13200,9114,238
13200,9415,235
13200,9716,235
13200,10016,234
13200,10316,232
13200,10617,232
13200,10917,232
13200,11217,231
13200,11519,231