0,178,190
0,478,199
0,778,206
0,1079,211
0,1380,217
0,1681,217
0,1981,215
0,2281,214
0,2582,216
0,2882,220
0,3182,223
0,3484,220
0,3785,214
0,4086,212
0,4386,209
0,4686,206
0,4986,202
0,5287,201
0,5587,199
0,5889,196
0,6189,201
0,6489,212
0,6790,219
0,7090,220
0,7390,221
0,7690,222
0,7992,224
0,8292,224
0,8593,223
0,8893,221
0,9193,215
0,9494,208
0,9794,206
0,10095,201
0,10396,193
0,10696,182
0,10996,169
0,11297,163
0,11597,166
197,11700,163
300,11501,161
300,11201,171
300,10901,187
300,10600,196
300,10300,203
300,10000,206
300,9699,211
300,9398,216
300,9097,222
300,8797,226
300,8497,224
300,8197,225
300,7896,224
300,7596,221
300,7294,221
300,6994,219
300,6694,212
300,6393,202
300,6093,196
300,5793,199
300,5493,202
300,5191,205
300,4891,210
300,4590,215
300,4290,215
300,3990,218
300,3689,225
300,3389,224
300,3088,220
300,2786,217
300,2486,216
300,2185,217
300,1885,217
300,1585,218
300,1285,212
300,984,205
300,683,197
300,382,190
300,82,181
518,0,193
600,219,195
600,519,200
600,819,211
600,1121,220
600,1421,225
600,1721,224
600,2022,224
600,2322,222
600,2622,223
600,2923,224
600,3224,226
600,3524,229
600,3825,228
600,4125,226
600,4425,224
600,4726,220
600,5026,211
600,5327,208
600,5628,202
600,5928,205
600,6228,212
600,6529,221
600,6829,224
600,7129,227
600,7431,227
600,7731,230
600,8031,229
600,8332,230
600,8632,227
600,8932,226
600,9233,220
600,9534,216
600,9835,213
600,10135,208
600,10435,202
600,10735,193
600,11036,173
600,11336,172
600,11638,182
839,11700,183
900,11461,175
900,11160,191
900,10860,204
900,10560,209
900,10259,214
900,9959,217
900,9657,223
900,9357,225
900,9057,228
900,8757,229
900,8456,230
900,8156,232
900,7856,229
900,7554,227
900,7254,227
900,6953,225
900,6653,221
900,6353,217
900,6053,211
900,5752,212
900,5451,217
900,5150,222
900,4850,225
900,4550,228
900,4249,230
900,3949,229
900,3649,227
900,3347,226
900,3047,225
900,2747,226
900,2446,226
900,2146,226
900,1846,228
900,1545,227
900,1244,222
900,944,211
900,643,201
900,343,197
900,43,197
1157,0,198
1200,258,202
1200,560,212
1200,860,224
1200,1160,229
1200,1460,229
1200,1761,229
1200,2061,228
1200,2361,226
1200,2663,228
1200,2963,226
1200,3264,227
1200,3564,225
1200,3864,227
1200,4164,231
1200,4465,232
1200,4766,232
1200,5068,231
1200,5368,229
1200,5668,229
1200,5969,228
1200,6269,230
1200,6569,228
1200,6870,232
1200,7171,230
1200,7472,232
1200,7772,232
1200,8072,232
1200,8372,232
1200,8673,230
1200,8973,229
1200,9275,227
1200,9575,225
1200,9875,221
1200,10176,218
1200,10476,214
1200,10776,210
1200,11076,205
1200,11378,199
1200,11678,204
1478,11700,215
1500,11421,214
1500,11121,216
1500,10820,218
1500,10520,220
1500,10219,223
1500,9918,225
1500,9618,227
1500,9318,230
1500,9017,231
1500,8717,233
1500,8417,232
1500,8115,233
1500,7815,234
1500,7515,233
1500,7214,232
1500,6914,231
1500,6614,232
1500,6313,232
1500,6012,233
1500,5712,235
1500,5411,233
1500,5111,234
1500,4811,232
1500,4510,230
1500,4210,227
1500,3908,226
1500,3607,227
1500,3307,229
1500,3006,229
1500,2706,227
1500,2406,226
1500,2105,228
1500,1805,229
1500,1504,229
1500,1203,227
1500,903,224
1500,603,211
1500,302,202
1500,2,200
1798,0,205
1800,300,215
1800,600,226
1800,900,229
1800,1201,229
1800,1501,231
1800,1801,229
1800,2102,226
1800,2403,227
1800,2704,228
1800,3004,229
1800,3304,229
1800,3604,226
1800,3905,227
1800,4205,228
1800,4507,230
1800,4807,233
1800,5107,235
1800,5408,234
1800,5708,236
1800,6008,236
1800,6308,235
1800,6610,234
1800,6910,233
1800,7211,234
1800,7511,234
1800,7811,233
1800,8112,232
1800,8412,233
1800,8713,230
1800,9014,232
1800,9314,228
1800,9614,228
1800,9915,225
1800,10215,226
1800,10515,225
1800,10817,222
1800,11117,224
1800,11417,222
1817,11700,223
2100,11682,224
2100,11382,224
2100,11081,226
2100,10780,224
2100,10478,224
2100,10178,229
2100,9878,227
2100,9577,230
2100,9277,230
2100,8977,230
2100,8676,232
2100,8375,233
2100,8075,234
2100,7774,236
2100,7474,235
2100,7174,235
2100,6873,235
2100,6573,236
2100,6272,236
2100,5971,236
2100,5671,233
2100,5371,232
2100,5070,230
2100,4770,229
2100,4470,227
2100,4168,228
2100,3868,227
2100,3568,229
2100,3267,229
2100,2967,228
2100,2667,226
2100,2366,227
2100,2065,230
2100,1764,230
2100,1464,230
2100,1164,229
2100,864,226
2100,563,220
2100,263,212
2138,0,212
2400,39,217
2400,339,222
2400,640,226
2400,940,227
2400,1240,230
2400,1540,230
2400,1842,230
2400,2142,229
2400,2443,227
2400,2743,227
2400,3043,226
2400,3344,227
2400,3644,227
2400,3945,227
2400,4247,229
2400,4547,227
2400,4848,228
2400,5148,226
2400,5448,229
2400,5748,231
2400,6049,232
2400,6350,233
2400,6651,234
2400,6951,235
2400,7251,235
2400,7552,235
2400,7852,234
2400,8152,233
2400,8454,233
2400,8754,232
2400,9054,232
2400,9355,229
2400,9655,228
2400,9955,229
2400,10256,227
2400,10557,227
2400,10857,229
2400,11158,227
2400,11458,227
2458,11700,227
2700,11641,228
2700,11341,227
2700,11040,228
2700,10739,229
2700,10439,228
2700,10139,227
2700,9838,229
2700,9538,230
2700,9238,232
2700,8936,232
2700,8636,232
2700,8336,234
2700,8035,235
2700,7735,234
2700,7435,233
2700,7134,233
2700,6833,232
2700,6532,230
2700,6232,227
2700,5932,224
2700,5632,223
2700,5331,224
2700,5031,226
2700,4729,229
2700,4429,229
2700,4129,227
2700,3828,227
2700,3528,227
2700,3228,227
2700,2928,229
2700,2626,228
2700,2324,231
2700,2024,230
2700,1724,229
2700,1424,228
2700,1123,225
2700,823,222
2700,523,220
2700,221,216
2779,0,214
3000,80,214
3000,380,217
3000,680,218
3000,980,221
3000,1281,224
3000,1582,227
3000,1883,231
3000,2183,231
3000,2483,231
3000,2784,229
3000,3084,227
3000,3384,227
3000,3686,228
3000,3986,228
3000,4286,227
3000,4587,226
3000,4887,222
3000,5187,221
3000,5488,221
3000,5789,221
3000,6089,223
3000,6390,226
3000,6690,227
3000,6990,231
3000,7291,233
3000,7591,233
3000,7892,233
3000,8193,233
3000,8493,232
3000,8793,232
3000,9094,231
3000,9394,230
3000,9694,229
3000,9996,229
3000,10296,228
3000,10596,228
3000,10897,228
3000,11197,228
3000,11497,228
3097,11700,229
3300,11601,229
3300,11299,229
3300,10999,229
3300,10699,229
3300,10398,228
3300,10098,229
3300,9798,230
3300,9497,230
3300,9196,231
3300,8896,232
3300,8595,231
3300,8295,233
3300,7995,233
3300,7694,230
3300,7394,230
3300,7092,227
3300,6792,222
3300,6492,219
3300,6192,218
3300,5891,220
3300,5591,220
3300,5291,221
3300,4989,220
3300,4689,220
3300,4388,222
3300,4088,227
3300,3788,228
3300,3488,230
3300,3187,231
3300,2886,232
3300,2585,230
3300,2285,230
3300,1985,228
3300,1684,224
3300,1384,220
3300,1084,216
3300,782,212
3300,482,211
3300,182,209
3418,0,205
3600,119,203
3600,419,202
3600,720,204
3600,1021,207
3600,1321,212
3600,1622,221
3600,1922,226
3600,2222,230
3600,2523,231
3600,2823,232
3600,3124,232
3600,3425,232
3600,3725,228
3600,4025,221
3600,4326,217
3600,4626,212
3600,4926,216
3600,5228,218
3600,5529,218
3600,5830,218
3600,6130,217
3600,6430,218
3600,6731,221
3600,7031,223
3600,7331,227
3600,7633,230
3600,7933,230
3600,8233,230
3600,8534,231
3600,8834,230
3600,9134,229
3600,9435,229
3600,9736,226
3600,10036,226
3600,10337,226
3600,10637,228
3600,10937,228
3600,11238,229
3600,11538,228
3739,11700,227
3900,11560,228
3900,11260,227
3900,10960,227
3900,10659,227
3900,10359,226
3900,10059,225
3900,9757,226
3900,9457,226
3900,9156,227
3900,8856,229
3900,8556,229
3900,8256,230
3900,7955,227
3900,7654,224
3900,7353,221
3900,7053,218
3900,6753,216
3900,6452,214
3900,6152,216
3900,5852,217
3900,5550,215
3900,5250,211
3900,4950,205
3900,4649,215
3900,4349,219
3900,4049,226
3900,3748,229
3900,3447,230
3900,3145,230
3900,2845,231
3900,2545,228
3900,2244,225
3900,1944,214
3900,1644,201
3900,1344,193
3900,1042,188
3900,742,191
3900,441,191
3900,141,191
4059,0,182
4200,160,182
4200,460,180
4200,761,179
4200,1062,184
4200,1362,190
4200,1662,202
4200,1963,216
4200,2263,224
4200,2563,228
4200,2865,229
4200,3165,229
4200,3465,227
4200,3766,223
4200,4066,217
4200,4366,209
4200,4667,206
4200,4968,205
4200,5268,209
4200,5569,211
4200,5869,212
4200,6169,211
4200,6470,211
4200,6770,212
4200,7072,217
4200,7372,221
4200,7672,224
4200,7972,228
4200,8273,228
4200,8573,228
4200,8873,225
4200,9175,224
4200,9475,222
4200,9776,220
4200,10076,222
4200,10376,223
4200,10676,226
4200,10977,227
4200,11278,227
4200,11579,227
4379,11700,227
4500,11521,226
4500,11220,224
4500,10920,223
4500,10620,220
4500,10318,214
4500,10017,212
4500,9716,217
4500,9416,220
4500,9116,223
4500,8816,224
4500,8515,225
4500,8215,224
4500,7913,218
4500,7613,214
4500,7313,210
4500,7012,208
4500,6712,208
4500,6412,203
4500,6112,202
4500,5810,202
4500,5510,200
4500,5209,202
4500,4909,205
4500,4609,211
4500,4308,217
4500,4008,222
4500,3707,225
4500,3406,229
4500,3106,227
4500,2806,224
4500,2505,223
4500,2205,207
4500,1905,194
4500,1603,186
4500,1303,181
4500,1003,174
4500,702,173
4500,402,176
4500,102,175
4698,0,171
4800,200,167
4800,500,167
4800,801,169
4800,1101,173
4800,1401,179
4800,1702,190
4800,2002,204
4800,2304,221
4800,2604,227
4800,2904,229
4800,3204,227
4800,3505,228
4800,3805,220
4800,4105,214
4800,4407,209
4800,4708,203
4800,5009,193
4800,5309,187
4800,5609,183
4800,5910,181
4800,6210,187
4800,6510,199
4800,6812,199
4800,7112,197
4800,7412,192
4800,7713,201
4800,8013,212
4800,8313,221
4800,8614,221
4800,8915,218
4800,9216,210
4800,9516,194
4800,9816,181
4800,10116,192
4800,10417,207
4800,10717,215
4800,11019,222
4800,11319,224
4800,11619,224
5019,11700,223
5100,11480,223
5100,11180,211
5100,10880,152
5100,10578,157
5100,10278,140
5100,9977,151
5100,9677,186
5100,9377,207
5100,9076,214
5100,8776,215
5100,8475,199
5100,8174,176
5100,7874,163
5100,7574,170
5100,7273,178
5100,6973,185
5100,6673,175
5100,6371,160
5100,6071,164
5100,5771,174
5100,5470,173
5100,5170,176
5100,4870,193
5100,4569,203
5100,4268,205
5100,3968,204
5100,3667,190
5100,3367,190
5100,3067,208
5100,2766,221
5100,2466,217
5100,2164,197
5100,1863,186
5100,1563,179
5100,1262,169
5100,962,157
5100,662,145
5100,361,147
5100,61,152
5340,0,142
5400,241,139
5400,541,145
5400,841,157
5400,1142,176
5400,1442,176
5400,1742,168
5400,2044,188
5400,2344,179
5400,2644,112
5400,2945,81
5400,3245,82
5400,3545,109
5400,3846,153
5400,4147,183
5400,4448,190
5400,4748,181
5400,5048,179
5400,5348,165
5400,5649,169
5400,5949,150
5400,6251,146
5400,6551,148
5400,6851,161
5400,7152,155
5400,7452,139
5400,7752,116
5400,8052,129
5400,8354,167
5400,8654,197
5400,8955,197
5400,9255,187
5400,9555,167
5400,9856,82
5400,10156,125
5400,10457,125
5400,10758,120
5400,11058,207
5400,11358,221
5400,11659,220
5659,11700,218
5700,11441,215
5700,11139,189
5700,10838,119
5700,10537,154
5700,10237,167
5700,9937,164
5700,9636,178
5700,9336,177
5700,9036,172
5700,8734,151
5700,8434,122
5700,8134,112
5700,7833,111
5700,7533,134
5700,7233,155
5700,6932,137
5700,6631,133
5700,6331,155
5700,6030,160
5700,5730,176
5700,5430,170
5700,5129,181
5700,4829,191
5700,4528,185
5700,4227,161
5700,3927,113
5700,3627,77
5700,3326,62
5700,3026,61
5700,2726,68
5700,2424,128
5700,2124,181
5700,1824,173
5700,1523,187
5700,1223,176
5700,923,139
5700,622,128
5700,321,146
5700,20,153
5980,0,155
6000,280,143
6000,580,127
6000,881,150
6000,1181,194
6000,1483,205
6000,1783,195
6000,2083,143
6000,2384,74
6000,2684,62
6000,2984,62
6000,3284,80
6000,3586,123
6000,3886,168
6000,4187,191
6000,4487,205
6000,4787,205
6000,5088,196
6000,5388,185
6000,5689,176
6000,5991,163
6000,6291,143
6000,6592,157
6000,6892,156
6000,7192,165
6000,7492,133
6000,7793,118
6000,8094,111
6000,8395,131
6000,8695,149
6000,8995,162
6000,9296,170
6000,9596,167
6000,9896,182
6000,10198,193
6000,10498,198
6000,10798,206
6000,11099,215
6000,11399,214
6000,11699,210
6299,11700,211
6300,11399,217
6300,11099,214
6300,10798,206
6300,10498,194
6300,10198,193
6300,9897,174
6300,9597,166
6300,9296,166
6300,8995,160
6300,8695,152
6300,8395,133
6300,8094,128
6300,7794,151
6300,7494,182
6300,7192,191
6300,6892,176
6300,6592,178
6300,6291,173
6300,5991,181
6300,5691,193
6300,5390,204
6300,5089,210
6300,4788,215
6300,4488,214
6300,4188,216
6300,3888,218
6300,3587,202
6300,3287,149
6300,2985,95
6300,2684,89
6300,2384,135
6300,2083,183
6300,1783,210
6300,1483,212
6300,1182,183
6300,882,158
6300,580,149
6300,280,164
6320,0,170
6600,20,178
6600,321,169
6600,621,169
6600,921,202
6600,1223,217
6600,1523,209
6600,1824,184
6600,2124,155
6600,2424,168
6600,2724,227
6600,3025,236
6600,3326,238
6600,3627,238
6600,3927,237
6600,4227,233
6600,4528,227
6600,4828,221
6600,5128,214
6600,5430,210
6600,5730,200
6600,6030,197
6600,6331,203
6600,6631,210
6600,6931,216
6600,7232,212
6600,7533,196
6600,7833,182
6600,8134,182
6600,8434,184
6600,8734,176
6600,9035,167
6600,9335,164
6600,9636,182
6600,9937,202
6600,10237,202
6600,10537,213
6600,10838,218
6600,11138,216
6600,11438,206
6640,11700,203
6900,11660,206
6900,11360,216
6900,11059,220
6900,10759,217
6900,10459,208
6900,10158,201
6900,9857,192
6900,9555,181
6900,9255,176
6900,8955,184
6900,8654,195
6900,8354,207
6900,8054,219
6900,7753,224
6900,7452,227
6900,7152,224
6900,6851,221
6900,6551,213
6900,6251,210
6900,5950,213
6900,5650,219
6900,5348,225
6900,5048,226
6900,4748,233
6900,4448,238
6900,4147,239
6900,3847,241
6900,3547,242
6900,3245,241
6900,2945,241
6900,2644,213
6900,2344,178
6900,2044,185
6900,1744,215
6900,1443,221
6900,1142,210
6900,841,193
6900,541,179
6900,241,170
6959,0,166
7200,60,163
7200,360,178
7200,662,200
7200,962,218
7200,1262,229
7200,1563,227
7200,1863,216
7200,2163,220
7200,2464,242
7200,2765,242
7200,3065,242
7200,3366,243
7200,3666,244
7200,3966,241
7200,4267,239
7200,4567,237
7200,4868,233
7200,5170,230
7200,5470,224
7200,5771,220
7200,6071,221
7200,6371,226
7200,6672,229
7200,6972,232
7200,7273,232
7200,7574,234
7200,7874,234
7200,8174,228
7200,8475,218
7200,8775,209
7200,9075,210
7200,9377,214
7200,9677,215
7200,9977,214
7200,10278,217
7200,10578,220
7200,10878,221
7200,11179,220
7200,11480,209
7280,11700,211
7500,11619,216
7500,11319,221
7500,11019,222
7500,10718,221
7500,10418,220
7500,10116,220
7500,9816,224
7500,9516,227
7500,9216,229
7500,8915,234
7500,8615,236
7500,8315,238
7500,8013,239
7500,7713,238
7500,7412,236
7500,7112,235
7500,6812,233
7500,6512,230
7500,6211,228
7500,5910,227
7500,5609,229
7500,5309,232
7500,5009,236
7500,4708,240
7500,4408,242
7500,4108,244
7500,3806,245
7500,3506,245
7500,3206,244
7500,2905,243
7500,2605,244
7500,2305,244
7500,2004,242
7500,1703,242
7500,1401,239
7500,1101,232
7500,801,213
7500,500,178
7500,200,149
7600,0,178
7800,100,217
7800,402,232
7800,702,239
7800,1003,242
7800,1303,244
7800,1603,243
7800,1904,245
7800,2204,245
7800,2505,245
7800,2806,244
7800,3106,244
7800,3406,244
7800,3707,245
7800,4007,245
7800,4307,244
7800,4609,243
7800,4909,237
7800,5209,235
7800,5510,233
7800,5810,232
7800,6110,233
7800,6411,233
7800,6712,237
7800,7012,239
7800,7313,239
7800,7613,241
7800,7913,241
7800,8214,241
7800,8514,238
7800,8816,238
7800,9116,235
7800,9416,230
7800,9716,226
7800,10017,223
7800,10317,223
7800,10617,223
7800,10919,221
7800,11219,221
7800,11520,220
7920,11700,220
8100,11580,219
8100,11280,218
8100,10979,222
8100,10678,224
8100,10376,225
8100,10076,226
8100,9776,228
8100,9475,233
8100,9175,236
8100,8875,239
8100,8574,241
8100,8273,241
8100,7972,242
8100,7672,242
8100,7372,242
8100,7072,239
8100,6771,236
8100,6471,233
8100,6169,232
8100,5869,233
8100,5569,235
8100,5268,238
8100,4968,241
8100,4668,244
8100,4368,244
8100,4066,245
8100,3766,245
8100,3465,245
8100,3165,245
8100,2865,245
8100,2564,245
8100,2264,244
8100,1963,244
8100,1662,241
8100,1362,239
8100,1062,238
8100,761,235
8100,461,233
8100,161,232
8241,0,228
8400,141,226
8400,441,229
8400,742,231
8400,1042,234
8400,1342,238
8400,1643,239
8400,1944,241
8400,2244,244
8400,2545,244
8400,2845,244
8400,3145,244
8400,3446,245
8400,3746,245
8400,4048,246
8400,4348,247
8400,4648,243
8400,4948,239
8400,5249,234
8400,5549,231
8400,5849,229
8400,6151,229
8400,6452,231
8400,6753,237
8400,7053,242
8400,7353,242
8400,7654,242
8400,7954,242
8400,8254,241
8400,8556,242
8400,8856,237
8400,9156,235
8400,9457,229
8400,9757,225
8400,10057,221
8400,10358,221
8400,10659,218
8400,10960,212
8400,11260,212
8400,11560,210
8560,11700,202
8700,11539,199
8700,11239,202
8700,10937,211
8700,10637,214
8700,10337,220
8700,10036,222
8700,9736,225
8700,9436,230
8700,9136,236
8700,8834,239
8700,8534,240
8700,8233,242
8700,7933,242
8700,7633,242
8700,7332,242
8700,7032,235
8700,6731,229
8700,6430,222
8700,6130,221
8700,5830,225
8700,5529,230
8700,5229,235
8700,4929,242
8700,4627,245
8700,4327,245
8700,4027,246
8700,3726,245
8700,3426,244
8700,3126,244
8700,2825,242
8700,2524,241
8700,2222,238
8700,1922,236
8700,1622,227
8700,1321,223
8700,1021,219
8700,721,217
8700,420,216
8700,119,215
8881,0,208
9000,182,203
9000,482,202
9000,782,203
9000,1083,209
9000,1383,217
9000,1684,226
9000,1985,232
9000,2285,235
9000,2585,234
9000,2886,238
9000,3186,242
9000,3486,243
9000,3788,245
9000,4088,245
9000,4388,244
9000,4689,242
9000,4989,232
9000,5289,223
9000,5590,219
9000,5891,216
9000,6192,215
9000,6492,220
9000,6792,230
9000,7092,239
9000,7393,242
9000,7693,241
9000,7995,241
9000,8295,239
9000,8595,238
9000,8896,233
9000,9196,227
9000,9496,222
9000,9796,220
9000,10098,215
9000,10398,205
9000,10699,202
9000,10999,195
9000,11299,187
9000,11600,193
9200,11700,193
9300,11499,191
9300,11198,193
9300,10898,197
9300,10598,202
9300,10297,214
9300,9997,221
9300,9697,222
9300,9395,226
9300,9094,231
9300,8793,235
9300,8493,238
9300,8193,239
9300,7892,238
9300,7592,241
9300,7292,235
9300,6990,221
9300,6690,211
9300,6390,211
9300,6089,214
9300,5789,216
9300,5489,216
9300,5188,228
9300,4887,241
9300,4587,244
9300,4286,243
9300,3986,243
9300,3686,241
9300,3385,239
9300,3085,237
9300,2784,233
9300,2483,230
9300,2183,225
9300,1883,217
9300,1582,214
9300,1282,207
9300,982,196
9300,680,190
9300,380,192
9300,80,194
9521,0,187
9600,221,185
9600,521,188
9600,822,194
9600,1123,205
9600,1424,208
9600,1724,211
9600,2024,223
9600,2324,228
9600,2625,233
9600,2925,235
9600,3227,237
9600,3527,238
9600,3827,244
9600,4128,244
9600,4428,242
9600,4728,237
9600,5028,223
9600,5330,214
9600,5632,215
9600,5932,216
9600,6232,212
9600,6532,208
9600,6833,219
9600,7133,232
9600,7433,236
9600,7735,236
9600,8035,235
9600,8336,234
9600,8636,232
9600,8936,224
9600,9236,218
9600,9537,220
9600,9838,220
9600,10139,214
9600,10439,203
9600,10739,196
9600,11040,196
9600,11340,198
9600,11640,197
9841,11700,200
9900,11458,202
9900,11158,199
9900,10857,202
9900,10557,209
9900,10257,217
9900,9956,218
9900,9655,217
9900,9355,218
9900,9054,224
9900,8754,230
9900,8454,233
9900,8153,233
9900,7853,233
9900,7552,231
9900,7251,224
9900,6951,212
9900,6651,209
9900,6350,214
9900,6050,215
9900,5750,213
9900,5448,215
9900,5148,229
9900,4848,239
9900,4547,242
9900,4247,242
9900,3947,241
9900,3646,236
9900,3345,235
9900,3044,235
9900,2744,230
9900,2444,225
9900,2144,218
9900,1843,204
9900,1543,202
9900,1241,197
9900,940,190
9900,640,186
9900,339,184
9900,39,184
10161,0,186
10200,262,186
10200,562,190
10200,864,192
10200,1164,194
10200,1464,200
10200,1764,214
10200,2065,223
10200,2365,227
10200,2665,230
10200,2967,231
10200,3267,233
10200,3568,237
10200,3868,241
10200,4168,242
10200,4468,241
10200,4769,236
10200,5070,226
10200,5371,217
10200,5671,213
10200,5971,210
10200,6272,209
10200,6572,209
10200,6872,220
10200,7174,225
10200,7474,226
10200,7774,226
10200,8075,226
10200,8375,226
10200,8675,222
10200,8976,214
10200,9277,204
10200,9577,205
10200,9878,212
10200,10178,212
10200,10478,209
10200,10779,206
10200,11079,206
10200,11380,205
10200,11681,202
10481,11700,207
10500,11419,210
10500,11118,211
10500,10818,210
10500,10518,211
10500,10216,203
10500,9915,191
10500,9614,191
10500,9314,200
10500,9014,214
10500,8713,221
10500,8413,223
10500,8113,218
10500,7811,221
10500,7511,223
10500,7211,221
10500,6910,216
10500,6610,208
10500,6310,208
10500,6009,209
10500,5708,217
10500,5408,226
10500,5107,236
10500,4807,242
10500,4507,241
10500,4206,242
10500,3906,238
10500,3604,235
10500,3304,229
10500,3004,227
10500,2704,225
10500,2403,224
10500,2103,222
10500,1803,214
10500,1501,203
10500,1201,196
10500,900,192
10500,600,191
10500,300,190
10500,0,191
10800,1,193
10800,302,194
10800,603,193
10800,903,200
10800,1203,209
10800,1504,218
10800,1804,220
10800,2104,218
10800,2406,221
10800,2706,220
10800,3006,222
10800,3307,225
10800,3607,230
10800,3907,236
10800,4208,238
10800,4509,241
10800,4809,239
10800,5110,235
10800,5410,225
10800,5710,215
10800,6011,211
10800,6311,212
10800,6612,218
10800,6914,220
10800,7214,219
10800,7515,217
10800,7815,208
10800,8115,209
10800,8416,214
10800,8716,208
10800,9017,193
10800,9318,188
10800,9618,185
10800,9918,187
10800,10219,208
10800,10519,217
10800,10819,215
10800,11121,215
10800,11421,212
10821,11700,212
11100,11678,215
11100,11378,218
11100,11078,220
11100,10777,218
11100,10476,205
11100,10176,185
11100,9875,187
11100,9575,190
11100,9275,190
11100,8974,206
11100,8674,211
11100,8372,208
11100,8072,211
11100,7772,211
11100,7472,216
11100,7171,220
11100,6871,221
11100,6571,220
11100,6269,220
11100,5969,221
11100,5668,229
11100,5368,236
11100,5068,238
11100,4768,238
11100,4467,235
11100,4166,230
11100,3865,226
11100,3565,219
11100,3265,216
11100,2964,218
11100,2664,215
11100,2364,214
11100,2062,214
11100,1761,218
11100,1460,215
11100,1160,206
11100,860,198
11100,560,194
11100,259,196
11141,0,196
11400,43,199
11400,343,197
11400,643,200
11400,944,206
11400,1244,213
11400,1544,213
11400,1844,207
11400,2146,209
11400,2446,211
11400,2747,213
11400,3047,215
11400,3347,221
11400,3648,225
11400,3948,230
11400,4249,233
11400,4550,236
11400,4850,239
11400,5150,238
11400,5451,233
11400,5751,227
11400,6051,226
11400,6353,225
11400,6653,225
11400,6953,224
11400,7254,217
11400,7554,208
11400,7854,214
11400,8155,211
11400,8456,215
11400,8756,212
11400,9057,194
11400,9357,185
11400,9657,187
11400,9958,199
11400,10258,214
11400,10560,223
11400,10860,224
11400,11160,223
11400,11460,220
11461,11700,220
11700,11639,223
11700,11339,225
11700,11037,226
11700,10737,223
11700,10436,217
11700,10136,208
11700,9836,196
11700,9536,199
11700,9235,211
11700,8934,220
11700,8632,219
11700,8332,214
11700,8032,214
11700,7731,216
11700,7431,225
11700,7131,227
11700,6830,228
11700,6529,226
11700,6228,227
11700,5928,231
11700,5628,237
11700,5328,240
11700,5027,240
11700,4727,237
11700,4425,233
11700,4125,229
11700,3825,226
11700,3524,223
11700,3224,217
11700,2924,211
11700,2624,212
11700,2322,210
11700,2022,205
11700,1721,209
11700,1421,209
11700,1121,208
11700,820,208
11700,520,206
11700,219,203
11781,0,206
12000,82,208
12000,382,211
12000,683,211
12000,983,207
12000,1283,205
12000,1585,205
12000,1885,210
12000,2185,214
12000,2486,213
12000,2786,216
12000,3086,221
12000,3387,225
12000,3688,227
12000,3988,231
12000,4289,235
12000,4589,239
12000,4889,239
12000,5190,239
12000,5490,238
12000,5792,235
12000,6093,232
12000,6393,232
12000,6694,231
12000,6994,228
12000,7294,225
12000,7595,220
12000,7895,218
12000,8196,221
12000,8497,222
12000,8797,224
12000,9097,218
12000,9398,212
12000,9698,212
12000,9998,219
12000,10300,225
12000,10600,227
12000,10900,226
12000,11201,226
12000,11501,224
12101,11700,226
12300,11598,226
12300,11297,229
12300,10996,228
12300,10696,227
12300,10396,225
12300,10096,223
12300,9795,221
12300,9495,223
12300,9193,224
12300,8893,225
12300,8593,223
12300,8292,220
12300,7992,220
12300,7692,224
12300,7392,227
12300,7090,232
12300,6790,233
12300,6489,235
12300,6189,237
12300,5889,238
12300,5588,238
12300,5288,241
12300,4987,241
12300,4686,241
12300,4386,237
12300,4086,231
12300,3785,228
12300,3485,227
12300,3185,224
12300,2883,219
12300,2583,213
12300,2283,213
12300,1982,211
12300,1682,203
12300,1382,205
12300,1081,211
12300,780,217
12300,478,216
12300,178,211
12422,0,217
12600,123,218
12600,423,218
12600,723,215
12600,1024,211
12600,1325,208
12600,1625,210
12600,1926,217
12600,2226,220
12600,2526,226
12600,2827,233
12600,3127,235
12600,3428,234
12600,3729,237
12600,4029,239
12600,4329,242
12600,4630,241
12600,4930,242
12600,5230,241
12600,5532,241
12600,5832,239
12600,6132,238
12600,6433,235
12600,6733,233
12600,7033,230
12600,7334,226
12600,7635,223
12600,7936,220
12600,8236,221
12600,8536,222
12600,8836,226
12600,9137,226
12600,9437,226
12600,9739,227
12600,10039,227
12600,10339,226
12600,10640,226
12600,10940,227
12600,11240,229
12600,11540,227
12742,11700,229
12900,11558,229
12900,11257,229
12900,10957,228
12900,10657,227
12900,10356,229
12900,10056,228
12900,9755,227
12900,9453,229
12900,9153,225
12900,8852,224
12900,8552,223
12900,8252,224
12900,7952,223
12900,7651,225
12900,7350,229
12900,7049,232
12900,6749,235
12900,6449,238
12900,6148,239
12900,5848,241
12900,5548,241
12900,5246,241
12900,4946,242
12900,4646,242
12900,4345,244
12900,4045,244
12900,3745,243
12900,3444,242
12900,3143,241
12900,2843,238
12900,2542,230
12900,2242,224
12900,1942,221
12900,1641,221
12900,1341,216
12900,1040,217
12900,739,220
12900,439,225
12900,139,228
13061,0,232
13200,162,230
13200,462,227
13200,764,224
13200,1064,224
13200,1364,227
13200,1665,230
13200,1965,233
13200,2265,237
13200,2566,241
13200,2867,244
13200,3168,245
13200,3468,245
13200,3768,245
13200,4068,244
13200,4369,244
13200,4669,244
13200,4971,243
13200,5271,243
13200,5571,240
13200,5872,239
13200,6172,240
13200,6472,236
13200,6772,232
13200,7074,229
13200,7376,226
13200,7676,225
13200,7976,226
13200,8276,224
13200,8577,223
13200,8877,227
13200,9177,229
13200,9479,230
13200,9779,229
13200,10080,231
13200,10380,229
13200,10680,228
13200,10980,228
13200,11281,231
13200,11582,230
