0,60,243
0,360,246
0,660,246
0,961,244
0,1261,245
0,1561,244
0,1862,245
0,2163,246
0,2463,246
0,2764,246
0,3064,245
0,3364,244
0,3665,243
0,3965,244
0,4266,246
0,4567,247
0,4867,245
0,5167,246
0,5468,245
0,5768,245
0,6068,243
0,6370,241
0,6670,239
0,6970,237
0,7271,236
0,7571,235
0,7871,232
0,8172,231
0,8473,229
0,8774,229
0,9074,224
0,9374,221
0,9674,218
0,9975,220
0,10275,222
0,10577,224
0,10878,224
0,11178,226
0,11479,227
79,11700,227
300,11621,226
300,11320,224
300,11020,224
300,10718,222
300,10418,222
300,10118,221
300,9817,219
300,9517,222
300,9217,228
300,8917,229
300,8615,230
300,8315,233
300,8014,235
300,7714,236
300,7414,238
300,7113,239
300,6813,241
300,6512,243
300,6211,244
300,5911,246
300,5611,247
300,5310,245
300,5010,245
300,4710,245
300,4408,246
300,4108,244
300,3808,244
300,3507,246
300,3207,246
300,2907,247
300,2606,246
300,2305,245
300,2005,246
300,1704,245
300,1404,246
300,1104,246
300,803,247
300,503,246
300,201,246
399,0,247
600,99,246
600,399,245
600,700,247
600,1000,247
600,1300,247
600,1602,247
600,1902,247
600,2203,247
600,2503,247
600,2803,248
600,3103,248
600,3404,247
600,3705,247
600,4007,246
600,4307,247
600,4607,247
600,4908,248
600,5208,247
600,5508,246
600,5809,247
600,6110,246
600,6411,243
600,6711,242
600,7011,241
600,7311,238
600,7612,237
600,7912,236
600,8214,233
600,8514,230
600,8814,228
600,9115,222
600,9415,219
600,9715,219
600,10015,219
600,10317,221
600,10617,224
600,10918,225
600,11218,225
600,11518,227
718,11700,227
900,11581,225
900,11280,226
900,10979,225
900,10679,221
900,10379,220
900,10078,218
900,9778,221
900,9478,222
900,9176,226
900,8876,233
900,8576,232
900,8275,236
900,7975,237
900,7675,239
900,7374,242
900,7073,242
900,6773,244
900,6472,245
900,6172,247
900,5872,247
900,5571,247
900,5271,247
900,4969,248
900,4668,248
900,4368,247
900,4067,247
900,3767,247
900,3467,247
900,3166,248
900,2866,248
900,2565,247
900,2264,247
900,1964,247
900,1664,247
900,1363,247
900,1063,247
900,763,246
900,461,248
900,161,247
1039,0,248
1200,140,247
1200,440,247
1200,740,247
1200,1041,249
1200,1342,248
1200,1643,247
1200,1943,248
1200,2243,246
1200,2544,249
1200,2844,249
1200,3144,247
1200,3446,247
1200,3746,246
1200,4046,247
1200,4347,247
1200,4647,247
1200,4947,247
1200,5248,247
1200,5549,247
1200,5849,247
1200,6150,246
1200,6450,244
1200,6750,243
1200,7051,241
1200,7351,240
1200,7652,239
1200,7953,236
1200,8253,235
1200,8553,233
1200,8854,230
1200,9154,223
1200,9454,225
1200,9756,223
1200,10056,218
1200,10356,224
1200,10657,228
1200,10957,227
1200,11257,228
1200,11558,226
1359,11700,225
1500,11539,229
1500,11239,227
1500,10939,228
1500,10638,228
1500,10338,222
1500,10038,222
1500,9737,224
1500,9436,227
1500,9136,230
1500,8835,233
1500,8535,235
1500,8235,237
1500,7934,238
1500,7634,238
1500,7332,241
1500,7032,243
1500,6732,244
1500,6432,245
1500,6131,245
1500,5831,247
1500,5531,246
1500,5229,247
1500,4929,247
1500,4628,247
1500,4328,246
1500,4028,247
1500,3728,247
1500,3427,249
1500,3126,249
1500,2825,247
1500,2525,247
1500,2225,247
1500,1924,249
1500,1624,248
1500,1324,248
1500,1022,247
1500,722,247
1500,422,248
1500,121,247
1679,0,247
1800,179,247
1800,480,246
1800,781,247
1800,1081,247
1800,1382,248
1800,1682,247
1800,1982,249
1800,2283,248
1800,2583,248
1800,2884,247
1800,3186,246
1800,3486,246
1800,3787,247
1800,4087,246
1800,4387,247
1800,4688,246
1800,4988,246
1800,5289,246
1800,5590,245
1800,5890,246
1800,6190,245
1800,6491,242
1800,6791,244
1800,7091,241
1800,7393,240
1800,7693,238
1800,7993,237
1800,8294,236
1800,8594,234
1800,8894,234
1800,9195,229
1800,9496,226
1800,9796,227
1800,10097,230
1800,10397,231
1800,10697,231
1800,10998,230
1800,11298,228
1800,11600,230
2000,11700,228
2100,11500,231
2100,11200,232
2100,10899,231
2100,10599,231
2100,10299,231
2100,9997,229
2100,9697,229
2100,9396,232
2100,9096,234
2100,8796,234
2100,8496,237
2100,8195,237
2100,7894,239
2100,7593,239
2100,7293,242
2100,6993,243
2100,6692,243
2100,6392,244
2100,6092,243
2100,5790,246
2100,5490,246
2100,5190,245
2100,4889,245
2100,4589,246
2100,4289,246
2100,3988,246
2100,3687,247
2100,3385,246
2100,3085,247
2100,2785,248
2100,2484,247
2100,2184,248
2100,1884,248
2100,1584,249
2100,1282,248
2100,982,248
2100,681,248
2100,381,247
2100,81,246
2319,0,247
2400,220,248
2400,521,247
2400,822,247
2400,1122,248
2400,1422,247
2400,1723,248
2400,2023,247
2400,2323,248
2400,2625,247
2400,2925,247
2400,3225,245
2400,3526,245
2400,3826,246
2400,4126,247
2400,4427,245
2400,4728,245
2400,5028,244
2400,5329,245
2400,5629,244
2400,5929,243
2400,6230,241
2400,6530,241
2400,6832,240
2400,7132,239
2400,7432,237
2400,7732,236
2400,8033,236
2400,8333,234
2400,8633,233
2400,8935,232
2400,9235,231
2400,9536,229
2400,9836,230
2400,10136,231
2400,10436,232
2400,10737,234
2400,11038,232
2400,11340,231
2400,11640,229
2640,11700,229
2700,11459,230
2700,11159,230
2700,10859,231
2700,10558,231
2700,10257,229
2700,9956,229
2700,9656,228
2700,9356,228
2700,9056,229
2700,8755,231
2700,8455,233
2700,8153,235
2700,7853,235
2700,7553,237
2700,7252,238
2700,6952,239
2700,6652,239
2700,6352,241
2700,6050,242
2700,5750,242
2700,5449,243
2700,5149,244
2700,4849,245
2700,4548,244
2700,4248,245
2700,3947,243
2700,3646,244
2700,3346,244
2700,3046,246
2700,2745,246
2700,2445,246
2700,2145,244
2700,1843,244
2700,1543,244
2700,1243,245
2700,942,246
2700,642,246
2700,342,246
2700,41,247
2960,0,245
3000,260,244
3000,561,242
3000,861,240
3000,1161,239
3000,1462,239
3000,1762,240
3000,2064,243
3000,2364,244
3000,2664,246
3000,2964,245
3000,3265,244
3000,3565,243
3000,3865,243
3000,4167,244
3000,4468,244
3000,4769,244
3000,5069,242
3000,5369,242
3000,5670,240
3000,5970,240
3000,6270,238
3000,6572,237
3000,6872,236
3000,7172,235
3000,7473,234
3000,7773,232
3000,8073,230
3000,8374,230
3000,8675,229
3000,8976,228
3000,9276,229
3000,9576,228
3000,9876,230
3000,10177,232
3000,10477,232
3000,10779,231
3000,11079,230
3000,11379,230
3000,11680,227
3280,11700,229
3300,11420,229
3300,11120,231
3300,10818,230
3300,10518,230
3300,10217,230
3300,9917,229
3300,9617,228
3300,9316,229
3300,9016,228
3300,8715,228
3300,8414,228
3300,8114,232
3300,7814,233
3300,7513,235
3300,7213,236
3300,6913,237
3300,6611,237
3300,6311,240
3300,6011,239
3300,5710,240
3300,5410,241
3300,5110,242
3300,4809,243
3300,4508,242
3300,4206,244
3300,3906,244
3300,3606,245
3300,3305,244
3300,3005,244
3300,2705,243
3300,2404,241
3300,2103,238
3300,1803,236
3300,1502,235
3300,1202,236
3300,902,239
3300,601,240
3300,301,241
3300,0,243
3600,1,240
3600,301,241
3600,601,239
3600,902,236
3600,1202,236
3600,1502,235
3600,1804,236
3600,2104,236
3600,2404,240
3600,2705,241
3600,3005,244
3600,3305,245
3600,3606,244
3600,3907,242
3600,4208,241
3600,4508,241
3600,4808,240
3600,5108,240
3600,5409,239
3600,5709,240
3600,6011,240
3600,6311,239
3600,6611,238
3600,6912,238
3600,7212,238
3600,7512,235
3600,7812,232
3600,8114,232
3600,8414,230
3600,8715,229
3600,9015,229
3600,9315,227
3600,9616,226
3600,9916,228
3600,10217,228
3600,10518,227
3600,10818,228
3600,11118,227
3600,11419,229
3619,11700,227
3900,11681,226
3900,11379,227
3900,11078,227
3900,10777,226
3900,10477,227
3900,10177,226
3900,9876,227
3900,9576,227
3900,9276,227
3900,8974,228
3900,8674,229
3900,8374,230
3900,8073,230
3900,7773,234
3900,7473,235
3900,7172,237
3900,6871,237
3900,6571,238
3900,6270,237
3900,5970,238
3900,5670,239
3900,5369,239
3900,5069,238
3900,4768,238
3900,4467,240
3900,4167,240
3900,3867,241
3900,3566,243
3900,3266,242
3900,2966,243
3900,2664,239
3900,2364,237
3900,2064,234
3900,1763,234
3900,1463,235
3900,1163,236
3900,862,238
3900,561,238
3900,260,240
3940,0,240
4200,40,239
4200,340,238
4200,641,235
4200,941,233
4200,1243,231
4200,1543,229
4200,1843,232
4200,2144,235
4200,2444,239
4200,2744,240
4200,3044,240
4200,3346,240
4200,3648,239
4200,3948,237
4200,4248,238
4200,4548,237
4200,4849,236
4200,5149,237
4200,5449,237
4200,5751,238
4200,6051,237
4200,6352,237
4200,6652,237
4200,6952,237
4200,7252,237
4200,7553,235
4200,7854,233
4200,8155,233
4200,8455,230
4200,8755,228
4200,9056,227
4200,9356,228
4200,9656,226
4200,9958,226
4200,10258,224
4200,10558,225
4200,10859,225
4200,11159,227
4200,11459,224
4259,11700,225
4500,11639,223
4500,11339,225
4500,11038,225
4500,10738,224
4500,10438,224
4500,10137,224
4500,9837,226
4500,9536,226
4500,9235,226
4500,8935,227
4500,8635,231
4500,8334,234
4500,8034,235
4500,7734,236
4500,7432,236
4500,7132,237
4500,6832,237
4500,6531,236
4500,6231,236
4500,5931,237
4500,5630,236
4500,5329,236
4500,5028,237
4500,4728,236
4500,4428,237
4500,4128,236
4500,3827,238
4500,3527,240
4500,3225,239
4500,2924,240
4500,2624,239
4500,2323,236
4500,2023,231
4500,1723,230
4500,1422,231
4500,1122,233
4500,820,236
4500,520,237
4500,220,239
4580,0,238
4800,81,236
4800,381,236
4800,681,236
4800,983,234
4800,1283,233
4800,1584,233
4800,1884,235
4800,2184,240
4800,2484,240
4800,2785,241
4800,3086,240
4800,3387,238
4800,3687,237
4800,3987,238
4800,4288,237
4800,4588,236
4800,4888,237
4800,5190,235
4800,5490,236
4800,5790,235
4800,6091,236
4800,6391,237
4800,6691,237
4800,6992,236
4800,7293,237
4800,7593,236
4800,7894,234
4800,8194,232
4800,8494,230
4800,8795,226
4800,9095,227
4800,9396,225
4800,9697,224
4800,9997,222
4800,10297,222
4800,10598,223
4800,10898,224
4800,11198,223
4800,11500,222
4901,11700,223
5100,11598,222
5100,11298,220
5100,10998,223
5100,10697,224
5100,10397,222
5100,10097,220
5100,9795,222
5100,9495,225
5100,9195,226
5100,8894,228
5100,8594,229
5100,8294,232
5100,7993,234
5100,7692,236
5100,7392,236
5100,7091,236
5100,6791,236
5100,6491,235
5100,6190,235
5100,5890,233
5100,5588,235
5100,5288,235
5100,4988,235
5100,4688,236
5100,4387,236
5100,4087,237
5100,3787,238
5100,3485,239
5100,3185,240
5100,2884,241
5100,2584,240
5100,2284,241
5100,1984,237
5100,1683,236
5100,1382,236
5100,1081,235
5100,781,236
5100,481,234
5100,180,235
5220,0,233
5400,120,234
5400,422,235
5400,722,234
5400,1022,236
5400,1323,237
5400,1623,239
5400,1923,239
5400,2224,241
5400,2525,240
5400,2825,239
5400,3126,238
5400,3426,238
5400,3726,238
5400,4027,236
5400,4327,234
5400,4628,234
5400,4930,235
5400,5230,234
5400,5531,233
5400,5831,234
5400,6131,235
5400,6432,235
5400,6732,235
5400,7033,235
5400,7334,233
5400,7634,233
5400,7934,230
5400,8235,229
5400,8535,228
5400,8835,228
5400,9137,226
5400,9437,224
5400,9737,221
5400,10038,222
5400,10338,221
5400,10638,223
5400,10939,224
5400,11240,221
5400,11540,222
5541,11700,222
5700,11559,223
5700,11259,222
5700,10958,223
5700,10658,222
5700,10356,223
5700,10056,222
5700,9756,222
5700,9456,224
5700,9155,225
5700,8855,227
5700,8555,226
5700,8253,228
5700,7953,230
5700,7652,231
5700,7352,232
5700,7052,234
5700,6752,236
5700,6451,236
5700,6150,234
5700,5849,233
5700,5549,234
5700,5249,234
5700,4948,234
5700,4648,233
5700,4348,234
5700,4046,235
5700,3745,237
5700,3444,238
5700,3144,237
5700,2844,241
5700,2544,239
5700,2243,240
5700,1943,241
5700,1641,238
5700,1341,237
5700,1041,236
5700,740,235
5700,440,233
5700,140,233
5860,0,233
6000,162,233
6000,462,235
6000,763,236
6000,1063,237
6000,1363,238
6000,1664,239
6000,1964,240
6000,2265,241
6000,2566,239
6000,2866,237
6000,3166,237
6000,3467,236
6000,3767,235
6000,4067,234
6000,4369,234
6000,4669,234
6000,4969,235
6000,5270,236
6000,5570,236
6000,5870,236
6000,6171,235
6000,6472,235
6000,6772,234
6000,7073,231
6000,7373,229
6000,7673,229
6000,7974,226
6000,8274,225
6000,8576,224
6000,8876,225
6000,9176,224
6000,9476,223
6000,9777,223
6000,10077,223
6000,10377,225
6000,10679,225
6000,10979,223
6000,11280,224
6000,11580,224
6180,11700,224
6300,11520,225
6300,11219,224
6300,10918,224
6300,10616,225
6300,10316,226
6300,10016,225
6300,9715,225
6300,9415,226
6300,9115,227
6300,8814,225
6300,8513,224
6300,8212,227
6300,7912,228
6300,7612,229
6300,7312,232
6300,7011,234
6300,6711,236
6300,6409,238
6300,6109,237
6300,5809,236
6300,5508,235
6300,5208,235
6300,4908,235
6300,4608,233
6300,4306,234
6300,4006,234
6300,3705,236
6300,3405,236
6300,3105,236
6300,2804,238
6300,2504,239
6300,2203,241
6300,1902,238
6300,1602,238
6300,1302,236
6300,1001,236
6300,701,235
6300,401,233
6300,99,234
6501,0,233
6600,201,235
6600,502,236
6600,802,236
6600,1102,237
6600,1403,236
6600,1704,238
6600,2004,239
6600,2305,238
6600,2605,236
6600,2905,236
6600,3206,236
6600,3506,237
6600,3808,235
6600,4109,234
6600,4409,236
6600,4710,236
6600,5010,235
6600,5310,237
6600,5611,236
6600,5911,236
6600,6212,239
6600,6513,237
6600,6813,235
6600,7113,232
6600,7414,229
6600,7714,227
6600,8014,226
6600,8316,225
6600,8616,224
6600,8916,225
6600,9217,227
6600,9517,225
6600,9817,225
6600,10118,227
6600,10419,229
6600,10720,228
6600,11020,228
6600,11320,226
6600,11620,226
6821,11700,225
6900,11479,228
6900,11177,228
6900,10877,229
6900,10577,228
6900,10276,226
6900,9976,224
6900,9676,225
6900,9376,226
6900,9074,227
6900,8774,225
6900,8473,224
6900,8173,225
6900,7873,227
6900,7572,228
6900,7272,230
6900,6971,235
6900,6670,238
6900,6370,240
6900,6070,239
6900,5769,239
6900,5469,236
6900,5169,237
6900,4867,235
6900,4567,237
6900,4267,235
6900,3966,236
6900,3666,236
6900,3366,235
6900,3065,236
6900,2764,237
6900,2462,238
6900,2162,238
6900,1862,240
6900,1561,237
6900,1261,236
6900,961,236
6900,660,234
6900,359,234
6900,59,233
7141,0,232
7200,242,233
7200,542,234
7200,843,234
7200,1143,236
7200,1444,236
7200,1745,238
7200,2045,238
7200,2345,238
7200,2646,235
7200,2946,234
7200,3246,236
7200,3548,236
7200,3848,235
7200,4148,237
7200,4449,238
7200,4749,237
7200,5049,235
7200,5350,236
7200,5651,239
7200,5952,239
7200,6252,239
7200,6552,237
7200,6852,232
7200,7153,228
7200,7453,227
7200,7755,225
7200,8055,223
7200,8355,221
7200,8656,224
7200,8956,222
7200,9256,221
7200,9556,219
7200,9858,223
7200,10158,226
7200,10459,225
7200,10759,228
7200,11059,227
7200,11360,226
7200,11660,227
7461,11700,226
7500,11437,227
7500,11137,228
7500,10836,226
7500,10536,225
7500,10236,225
7500,9936,222
7500,9635,218
7500,9334,219
7500,9033,220
7500,8733,221
7500,8433,222
7500,8132,222
7500,7832,225
7500,7532,226
7500,7230,228
7500,6930,230
7500,6630,235
7500,6329,237
7500,6029,236
7500,5729,237
7500,5428,236
7500,5127,237
7500,4827,237
7500,4526,238
7500,4226,237
7500,3926,237
7500,3625,236
7500,3325,237
7500,3024,237
7500,2723,237
7500,2423,237
7500,2123,238
7500,1822,237
7500,1522,236
7500,1222,235
7500,920,235
7500,620,234
7500,320,232
7500,19,234
7781,0,235
7800,281,234
7800,582,234
7800,883,236
7800,1184,238
7800,1484,240
7800,1784,240
7800,2084,239
7800,2385,238
7800,2685,237
7800,2987,237
7800,3287,236
7800,3587,237
7800,3888,238
7800,4188,237
7800,4488,237
7800,4788,237
7800,5090,234
7800,5392,234
7800,5692,235
7800,5992,235
7800,6292,232
7800,6593,229
7800,6893,226
7800,7193,224
7800,7495,222
7800,7795,221
7800,8096,221
7800,8396,222
7800,8696,221
7800,8996,220
7800,9297,220
7800,9598,219
7800,9899,220
7800,10199,221
7800,10499,226
7800,10800,227
7800,11100,227
7800,11400,226
7801,11700,227
8100,11698,225
8100,11398,227
8100,11097,227
8100,10797,228
8100,10497,223
8100,10196,220
8100,9895,217
8100,9595,219
8100,9294,222
8100,8994,221
8100,8694,223
8100,8393,223
8100,8093,222
8100,7792,222
8100,7491,223
8100,7191,224
8100,6891,226
8100,6590,230
8100,6290,233
8100,5990,234
8100,5688,233
8100,5388,234
8100,5088,237
8100,4787,239
8100,4487,239
8100,4187,239
8100,3886,238
8100,3585,240
8100,3283,238
8100,2983,238
8100,2683,237
8100,2382,238
8100,2082,240
8100,1782,241
8100,1481,240
8100,1180,238
8100,880,237
8100,579,236
8100,279,237
8121,0,236
8400,22,235
8400,322,236
8400,624,235
8400,924,237
8400,1224,239
8400,1524,241
8400,1825,239
8400,2125,240
8400,2425,240
8400,2727,239
8400,3027,238
8400,3328,237
8400,3628,239
8400,3928,238
8400,4228,239
8400,4529,237
8400,4830,237
8400,5131,234
8400,5431,232
8400,5731,234
8400,6032,232
8400,6332,229
8400,6632,225
8400,6934,223
8400,7234,221
8400,7534,221
8400,7835,222
8400,8135,223
8400,8435,226
8400,8736,226
8400,9037,222
8400,9337,222
8400,9638,222
8400,9938,228
8400,10238,227
8400,10539,229
8400,10839,228
8400,11140,228
8400,11441,228
8441,11700,226
8700,11659,227
8700,11358,227
8700,11058,228
8700,10758,229
8700,10456,231
8700,10155,230
8700,9854,228
8700,9554,225
8700,9254,224
8700,8953,226
8700,8653,228
8700,8353,225
8700,8051,222
8700,7751,222
8700,7451,223
8700,7150,223
8700,6850,225
8700,6550,226
8700,6249,231
8700,5948,232
8700,5648,233
8700,5347,234
8700,5047,234
8700,4747,236
8700,4446,237
8700,4146,238
8700,3844,237
8700,3544,237
8700,3244,238
8700,2944,237
8700,2643,238
8700,2343,238
8700,2043,240
8700,1741,240
8700,1441,239
8700,1140,237
8700,840,236
8700,540,236
8700,240,236
8761,0,236
9000,62,236
9000,363,236
9000,663,236
9000,963,236
9000,1264,237
9000,1564,238
9000,1864,236
9000,2166,238
9000,2466,236
9000,2766,236
9000,3067,235
9000,3367,235
9000,3667,235
9000,3968,234
9000,4269,234
9000,4571,233
9000,4871,233
9000,5171,232
9000,5472,232
9000,5772,231
9000,6072,230
9000,6372,228
9000,6674,226
9000,6974,225
9000,7275,224
9000,7575,224
9000,7875,224
9000,8176,228
9000,8476,229
9000,8777,232
9000,9078,231
9000,9378,231
9000,9678,230
9000,9979,230
9000,10279,228
9000,10579,229
9000,10881,228
9000,11181,227
9000,11481,229
9081,11700,227
9300,11618,227
9300,11318,228
9300,11017,230
9300,10716,229
9300,10416,231
9300,10115,230
9300,9815,230
9300,9515,231
9300,9214,232
9300,8914,232
9300,8612,228
9300,8312,227
9300,8012,224
9300,7712,225
9300,7411,225
9300,7111,225
9300,6811,226
9300,6509,230
9300,6209,231
9300,5908,231
9300,5608,231
9300,5308,231
9300,5008,232
9300,4707,232
9300,4406,231
9300,4105,232
9300,3805,233
9300,3505,235
9300,3204,234
9300,2904,237
9300,2604,235
9300,2302,236
9300,2001,237
9300,1700,236
9300,1400,236
9300,1100,236
9300,800,237
9300,499,237
9300,199,235
9402,0,235
9600,103,236
9600,403,235
9600,704,236
9600,1004,237
9600,1304,235
9600,1604,235
9600,1906,233
9600,2206,234
9600,2507,234
9600,2807,235
9600,3107,234
9600,3408,233
9600,3708,231
9600,4009,231
9600,4310,229
9600,4610,229
9600,4910,231
9600,5211,232
9600,5511,233
9600,5811,231
9600,6113,230
9600,6413,229
9600,6713,227
9600,7014,225
9600,7314,226
9600,7614,227
9600,7915,228
9600,8216,229
9600,8516,231
9600,8817,230
9600,9117,229
9600,9417,229
9600,9718,229
9600,10018,230
9600,10320,230
9600,10620,230
9600,10920,229
9600,11220,228
9600,11521,227
9721,11700,225
9900,11579,227
9900,11277,228
9900,10976,229
9900,10675,230
9900,10375,230
9900,10075,230
9900,9774,229
9900,9474,229
9900,9174,227
9900,8872,230
9900,8572,230
9900,8272,229
9900,7971,227
9900,7671,227
9900,7371,227
9900,7070,227
9900,6769,227
9900,6468,229
9900,6168,231
9900,5868,231
9900,5568,231
9900,5267,229
9900,4967,230
9900,4665,230
9900,4365,230
9900,4065,228
9900,3764,231
9900,3464,232
9900,3164,232
9900,2864,234
9900,2562,234
9900,2262,233
9900,1961,233
9900,1661,234
9900,1361,237
9900,1060,236
9900,760,235
9900,459,236
9900,158,235
10042,0,233
10200,142,235
10200,443,233
10200,743,234
10200,1043,233
10200,1345,233
10200,1645,233
10200,1945,233
10200,2246,231
10200,2546,230
10200,2846,230
10200,3147,230
10200,3448,229
10200,3748,227
10200,4049,228
10200,4349,229
10200,4649,230
10200,4950,231
10200,5250,232
10200,5552,233
10200,5853,232
10200,6153,230
10200,6454,229
10200,6754,226
10200,7054,227
10200,7355,227
10200,7655,227
10200,7956,228
10200,8257,230
10200,8557,230
10200,8857,229
10200,9158,229
10200,9458,228
10200,9758,228
10200,10060,229
10200,10360,229
10200,10660,229
10200,10961,228
10200,11261,227
10200,11561,225
10361,11700,224
10500,11537,226
10500,11236,228
10500,10936,226
10500,10636,229
10500,10336,230
10500,10035,229
10500,9735,230
10500,9433,230
10500,9133,229
10500,8833,230
10500,8532,229
10500,8232,228
10500,7932,227
10500,7632,228
10500,7330,227
10500,7030,228
10500,6729,229
10500,6429,232
10500,6129,235
10500,5828,233
10500,5528,233
10500,5227,232
10500,4926,229
10500,4626,228
10500,4326,228
10500,4025,227
10500,3725,228
10500,3425,229
10500,3123,231
10500,2822,228
10500,2521,230
10500,2221,229
10500,1921,231
10500,1620,231
10500,1320,231
10500,1020,232
10500,718,233
10500,418,233
10500,118,232
10682,0,232
10800,183,231
10800,483,231
10800,784,232
10800,1085,230
10800,1385,228
10800,1686,229
10800,1986,229
10800,2286,227
10800,2587,227
10800,2887,227
10800,3188,227
10800,3489,225
10800,3789,227
10800,4089,228
10800,4390,228
10800,4690,229
10800,4990,231
10800,5292,233
10800,5592,233
10800,5892,236
10800,6193,235
10800,6493,232
10800,6793,231
10800,7094,230
10800,7395,229
10800,7696,228
10800,7996,229
10800,8296,230
10800,8596,229
10800,8897,231
10800,9197,229
10800,9499,229
10800,9799,229
10800,10099,228
10800,10400,230
10800,10700,228
10800,11000,227
10800,11300,226
10800,11602,226
11002,11700,225
11100,11497,226
11100,11197,228
11100,10897,230
11100,10596,228
11100,10296,229
11100,9995,229
11100,9693,229
11100,9393,231
11100,9092,229
11100,8792,230
11100,8492,230
11100,8192,229
11100,7891,229
11100,7590,230
11100,7289,230
11100,6989,230
11100,6689,232
11100,6388,233
11100,6088,234
11100,5788,234
11100,5486,233
11100,5186,230
11100,4886,230
11100,4585,228
11100,4285,228
11100,3985,227
11100,3684,226
11100,3383,225
11100,3083,226
11100,2782,225
11100,2482,226
11100,2182,226
11100,1881,227
11100,1581,228
11100,1280,229
11100,979,229
11100,679,230
11100,379,231
11100,78,230
11322,0,232
11400,222,230
11400,524,230
11400,824,228
11400,1124,226
11400,1425,225
11400,1725,225
11400,2025,226
11400,2326,225
11400,2627,224
11400,2928,224
11400,3228,224
11400,3528,225
11400,3828,227
11400,4129,228
11400,4429,229
11400,4731,230
11400,5032,230
11400,5332,232
11400,5633,232
11400,5933,231
11400,6233,232
11400,6534,231
11400,6834,230
11400,7136,231
11400,7436,231
11400,7736,230
11400,8036,231
11400,8337,232
11400,8637,233
11400,8937,230
11400,9239,232
11400,9539,230
11400,9840,231
11400,10140,232
11400,10440,232
11400,10740,230
11400,11041,230
11400,11342,230
11400,11643,227
11643,11700,227
11700,11457,230
11700,11156,230
11700,10856,231
11700,10556,231
11700,10254,233
11700,9954,234
11700,9654,232
11700,9353,233
11700,9053,233
11700,8753,233
11700,8452,233
11700,8151,232
11700,7851,231
11700,7550,232
11700,7250,231
11700,6950,230
11700,6649,232
11700,6349,231
11700,6048,233
11700,5747,231
11700,5447,230
11700,5147,230
11700,4846,228
11700,4546,229
11700,4246,229
11700,3944,228
11700,3644,226
11700,3344,225
11700,3043,224
11700,2743,224
11700,2443,225
11700,2142,225
11700,1841,225
11700,1539,225
11700,1239,226
11700,939,228
11700,638,229
11700,338,229
11700,38,230
11962,0,230
12000,264,229
12000,564,227
12000,865,226
12000,1165,223
12000,1465,224
12000,1766,223
12000,2066,222
12000,2368,223
12000,2668,223
12000,2968,224
12000,3268,224
12000,3569,225
12000,3869,227
12000,4169,228
12000,4471,229
12000,4771,229
12000,5072,230
12000,5372,232
12000,5672,233
12000,5972,233
12000,6273,234
12000,6574,233
12000,6875,233
12000,7175,233
12000,7475,234
12000,7776,235
12000,8076,233
12000,8376,236
12000,8678,234
12000,8978,234
12000,9278,237
12000,9579,237
12000,9879,235
12000,10179,234
12000,10480,232
12000,10781,231
12000,11081,230
12000,11382,229
12000,11682,227
12282,11700,227
12300,11417,230
12300,11117,230
12300,10816,233
12300,10514,233
12300,10214,237
12300,9913,237
12300,9613,236
12300,9313,237
12300,9012,237
12300,8712,235
12300,8411,235
12300,8110,236
12300,7810,234
12300,7510,235
12300,7209,233
12300,6909,233
12300,6609,234
12300,6307,234
12300,6007,234
12300,5707,233
12300,5406,233
12300,5106,231
12300,4806,231
12300,4505,231
12300,4204,230
12300,3904,230
12300,3603,227
12300,3303,225
12300,3003,224
12300,2702,224
12300,2402,223
12300,2100,225
12300,1800,224
12300,1500,224
12300,1200,224
12300,899,226
12300,599,226
12300,299,229
12303,0,229
12600,3,227
12600,304,227
12600,604,225
12600,904,225
12600,1204,224
12600,1505,224
12600,1806,227
12600,2107,226
12600,2407,224
12600,2707,226
12600,3008,225
12600,3308,225
12600,3608,229
12600,3910,232
12600,4210,233
12600,4510,232
12600,4811,232
12600,5111,233
12600,5411,235
12600,5712,236
12600,6013,235
12600,6315,235
12600,6615,234
12600,6915,236
12600,7216,234
12600,7516,235
12600,7816,235
12600,8117,234
12600,8418,235
12600,8718,236
12600,9019,236
12600,9319,236
12600,9619,236
12600,9920,235
12600,10220,235
12600,10521,233
12600,10822,232
12600,11122,229
12600,11422,225
12622,11700,225
12900,11677,224
12900,11377,226
12900,11075,230
12900,10775,232
12900,10475,234
12900,10174,234
12900,9874,237
12900,9574,236
12900,9273,237
12900,8972,235
12900,8672,235
12900,8371,235
12900,8071,235
12900,7771,234
12900,7470,234
12900,7170,234
12900,6868,235
12900,6568,236
12900,6268,236
12900,5968,236
12900,5667,234
12900,5367,234
12900,5067,233
12900,4765,233
12900,4465,234
12900,4164,234
12900,3864,230
12900,3564,229
12900,3264,225
12900,2963,226
12900,2662,225
12900,2360,226
12900,2060,226
12900,1760,225
12900,1459,225
12900,1159,225
12900,859,225
12900,558,226
12900,257,226
12943,0,225
13200,44,226
13200,344,226
13200,644,224
13200,945,224
13200,1245,223
13200,1547,227
13200,1847,229
13200,2147,227
13200,2448,225
13200,2748,227
13200,3048,227
13200,3348,228
13200,3650,232
13200,3950,234
13200,4251,235
13200,4551,235
13200,4851,235
13200,5152,236
13200,5452,236
13200,5753,238
13200,6054,237
13200,6354,236
13200,6654,236
13200,6955,237
13200,7255,236
13200,7555,236
13200,7857,237
13200,8157,235
13200,8457,234
13200,8758,235
13200,9058,235
13200,9358,236
13200,9659,235
13200,9960,234
13200,10260,231
13200,10561,229
13200,10861,225
13200,11161,223
13200,11462,222