0,221,230
0,521,229
0,821,228
0,1122,230
0,1422,233
0,1722,238
0,2024,238
0,2324,240
0,2624,241
0,2925,241
0,3225,240
0,3525,241
0,3826,238
0,4127,237
0,4428,236
0,4728,234
0,5028,233
0,5328,228
0,5629,226
0,5929,224
0,6231,219
0,6531,217
0,6831,216
0,7132,216
0,7432,219
0,7732,222
0,8032,224
0,8334,225
0,8634,228
0,8935,228
0,9235,229
0,9535,229
0,9836,228
0,10136,226
0,10437,227
0,10738,227
0,11038,228
0,11338,230
0,11639,229
239,11700,229
300,11461,230
300,11159,229
300,10859,227
300,10559,226
300,10258,228
300,9958,228
300,9658,228
300,9357,230
300,9056,228
300,8754,225
300,8454,222
300,8154,220
300,7853,219
300,7553,214
300,7253,214
300,6952,215
300,6651,215
300,6351,217
300,6050,223
300,5750,226
300,5450,228
300,5149,232
300,4849,233
300,4547,236
300,4247,237
300,3947,240
300,3647,240
300,3346,240
300,3046,241
300,2746,240
300,2444,241
300,2144,238
300,1843,235
300,1543,230
300,1243,227
300,943,225
300,642,226
300,341,229
300,40,227
560,0,221
600,260,222
600,561,223
600,861,223
600,1161,223
600,1463,227
600,1763,235
600,2063,241
600,2364,243
600,2664,242
600,2964,242
600,3265,243
600,3566,242
600,3866,240
600,4167,238
600,4467,235
600,4767,233
600,5068,229
600,5368,225
600,5669,221
600,5970,217
600,6270,211
600,6570,210
600,6871,209
600,7171,211
600,7471,214
600,7773,214
600,8074,217
600,8375,219
600,8675,224
600,8975,227
600,9276,230
600,9576,229
600,9876,229
600,10178,228
600,10478,230
600,10778,228
600,11079,228
600,11379,228
600,11679,228
879,11700,227
900,11419,227
900,11119,227
900,10818,229
900,10518,229
900,10218,229
900,9917,231
900,9617,228
900,9315,224
900,9015,218
900,8715,216
900,8415,216
900,8114,213
900,7814,210
900,7514,210
900,7212,210
900,6912,210
900,6611,213
900,6311,214
900,6011,216
900,5711,219
900,5410,226
900,5109,229
900,4808,232
900,4508,237
900,4208,239
900,3907,243
900,3607,244
900,3307,246
900,3005,245
900,2705,245
900,2405,242
900,2104,235
900,1804,229
900,1504,221
900,1203,218
900,902,220
900,600,219
900,300,219
900,0,215
1200,1,217
1200,301,220
1200,601,219
1200,902,217
1200,1203,218
1200,1503,222
1200,1804,228
1200,2104,237
1200,2404,245
1200,2705,244
1200,3005,245
1200,3306,245
1200,3607,242
1200,3907,240
1200,4207,235
1200,4508,230
1200,4808,228
1200,5108,224
1200,5410,223
1200,5710,219
1200,6010,213
1200,6311,217
1200,6611,215
1200,6911,213
1200,7212,211
1200,7513,210
1200,7814,210
1200,8114,211
1200,8414,211
1200,8714,211
1200,9015,214
1200,9315,222
1200,9617,231
1200,9917,232
1200,10217,232
1200,10518,231
1200,10818,230
1200,11118,228
1200,11418,229
1220,11700,230
1500,11680,231
1500,11379,233
1500,11079,233
1500,10779,232
1500,10478,233
1500,10178,233
1500,9877,231
1500,9576,218
1500,9276,206
1500,8976,206
1500,8675,204
1500,8375,206
1500,8075,213
1500,7773,215
1500,7472,215
1500,7171,218
1500,6871,219
1500,6571,219
1500,6270,218
1500,5970,222
1500,5670,226
1500,5368,224
1500,5068,229
1500,4768,233
1500,4467,234
1500,4167,239
1500,3867,246
1500,3566,245
1500,3265,246
1500,2965,247
1500,2664,245
1500,2364,239
1500,2064,232
1500,1763,228
1500,1463,224
1500,1162,222
1500,861,223
1500,561,224
1500,261,222
1539,0,221
1800,40,223
1800,340,227
1800,642,227
1800,942,226
1800,1242,226
1800,1543,231
1800,1843,233
1800,2143,239
1800,2444,244
1800,2745,245
1800,3046,245
1800,3346,245
1800,3646,245
1800,3946,244
1800,4247,237
1800,4547,233
1800,4849,231
1800,5149,230
1800,5449,229
1800,5750,226
1800,6050,226
1800,6350,226
1800,6650,225
1800,6952,224
1800,7254,223
1800,7554,222
1800,7854,219
1800,8154,207
1800,8455,192
1800,8755,191
1800,9055,205
1800,9357,219
1800,9657,229
1800,9958,235
1800,10258,233
1800,10558,234
1800,10858,233
1800,11159,234
1800,11460,234
1860,11700,235
2100,11639,237
2100,11339,237
2100,11038,237
2100,10738,237
2100,10438,236
2100,10136,235
2100,9836,230
2100,9536,219
2100,9235,196
2100,8935,191
2100,8635,196
2100,8334,212
2100,8033,223
2100,7733,229
2100,7432,230
2100,7132,230
2100,6832,232
2100,6531,234
2100,6231,233
2100,5930,232
2100,5629,235
2100,5329,236
2100,5029,233
2100,4728,238
2100,4428,240
2100,4128,243
2100,3826,246
2100,3526,246
2100,3226,246
2100,2925,243
2100,2625,242
2100,2325,238
2100,2024,233
2100,1723,229
2100,1422,229
2100,1122,231
2100,822,233
2100,522,231
2100,221,227
2179,0,229
2400,81,234
2400,382,237
2400,682,237
2400,983,235
2400,1283,234
2400,1583,234
2400,1884,238
2400,2184,240
2400,2486,242
2400,2786,243
2400,3086,244
2400,3386,244
2400,3687,243
2400,3987,243
2400,4287,242
2400,4589,239
2400,4889,239
2400,5190,238
2400,5490,239
2400,5790,238
2400,6090,237
2400,6391,236
2400,6692,236
2400,6993,236
2400,7293,235
2400,7593,231
2400,7894,225
2400,8194,214
2400,8494,197
2400,8796,195
2400,9096,203
2400,9396,226
2400,9697,234
2400,9997,236
2400,10297,238
2400,10598,238
2400,10899,239
2400,11199,239
2400,11500,240
2500,11700,241
2700,11600,241
2700,11299,245
2700,10999,240
2700,10698,240
2700,10397,239
2700,10097,237
2700,9797,237
2700,9496,225
2700,9196,217
2700,8896,207
2700,8594,213
2700,8293,226
2700,7992,231
2700,7692,235
2700,7392,238
2700,7091,238
2700,6791,237
2700,6491,239
2700,6189,240
2700,5889,242
2700,5589,241
2700,5288,240
2700,4988,242
2700,4688,240
2700,4387,241
2700,4086,241
2700,3786,242
2700,3485,243
2700,3185,241
2700,2885,242
2700,2584,240
2700,2284,240
2700,1982,238
2700,1682,238
2700,1382,239
2700,1082,240
2700,781,239
2700,481,237
2700,181,237
2821,0,237
3000,121,239
3000,422,240
3000,722,239
3000,1022,238
3000,1322,238
3000,1623,238
3000,1924,238
3000,2225,239
3000,2525,240
3000,2825,241
3000,3126,241
3000,3426,242
3000,3726,242
3000,4028,240
3000,4328,240
3000,4628,241
3000,4929,242
3000,5229,243
3000,5529,243
3000,5830,241
3000,6131,240
3000,6431,239
3000,6732,238
3000,7032,238
3000,7332,237
3000,7633,235
3000,7933,233
3000,8234,230
3000,8536,222
3000,8836,221
3000,9137,226
3000,9437,235
3000,9737,236
3000,10038,239
3000,10338,240
3000,10639,243
3000,10940,242
3000,11240,243
3000,11540,242
3140,11700,243
3300,11559,244
3300,11259,244
3300,10957,242
3300,10657,240
3300,10357,239
3300,10056,237
3300,9756,236
3300,9456,233
3300,9155,230
3300,8854,230
3300,8554,234
3300,8253,235
3300,7953,236
3300,7653,234
3300,7352,236
3300,7052,238
3300,6750,238
3300,6450,239
3300,6150,239
3300,5850,240
3300,5549,240
3300,5249,240
3300,4949,240
3300,4647,240
3300,4347,240
3300,4046,239
3300,3746,239
3300,3446,240
3300,3146,239
3300,2845,240
3300,2544,239
3300,2243,237
3300,1943,238
3300,1643,239
3300,1342,238
3300,1042,238
3300,742,240
3300,440,239
3300,139,238
3461,0,237
3600,162,240
3600,462,239
3600,762,239
3600,1063,239
3600,1363,237
3600,1665,238
3600,1965,239
3600,2265,239
3600,2566,239
3600,2866,238
3600,3166,239
3600,3466,240
3600,3768,239
3600,4068,239
3600,4369,240
3600,4669,240
3600,4969,241
3600,5270,240
3600,5570,238
3600,5871,238
3600,6172,237
3600,6472,238
3600,6772,238
3600,7073,236
3600,7373,237
3600,7673,236
3600,7975,235
3600,8275,234
3600,8575,232
3600,8876,232
3600,9176,233
3600,9476,234
3600,9777,237
3600,10078,239
3600,10378,241
3600,10679,241
3600,10979,244
3600,11279,244
3600,11580,242
3780,11700,241
3900,11518,242
3900,11218,242
3900,10918,241
3900,10618,239
3900,10317,237
3900,10017,236
3900,9717,231
3900,9415,226
3900,9115,227
3900,8814,229
3900,8514,233
3900,8214,233
3900,7914,237
3900,7613,236
3900,7312,236
3900,7010,237
3900,6710,237
3900,6410,237
3900,6109,237
3900,5809,237
3900,5509,239
3900,5208,238
3900,4907,240
3900,4606,239
3900,4306,239
3900,4006,238
3900,3706,238
3900,3405,240
3900,3105,239
3900,2803,240
3900,2503,240
3900,2203,238
3900,1902,236
3900,1602,238
3900,1302,238
3900,1002,239
3900,700,239
3900,400,238
3900,99,238
4101,0,238
4200,201,239
4200,502,238
4200,802,238
4200,1103,237
4200,1404,237
4200,1704,237
4200,2004,237
4200,2305,239
4200,2605,239
4200,2905,238
4200,3207,238
4200,3507,238
4200,3807,238
4200,4108,237
4200,4408,239
4200,4708,238
4200,5009,237
4200,5310,234
4200,5610,232
4200,5911,231
4200,6211,233
4200,6511,235
4200,6812,235
4200,7112,235
4200,7414,234
4200,7715,235
4200,8015,231
4200,8316,228
4200,8616,224
4200,8916,221
4200,9217,222
4200,9517,227
4200,9818,229
4200,10119,236
4200,10419,238
4200,10719,240
4200,11020,241
4200,11320,240
4200,11620,239
4422,11700,239
4500,11478,239
4500,11178,239
4500,10877,238
4500,10577,236
4500,10277,232
4500,9976,226
4500,9675,224
4500,9374,220
4500,9074,219
4500,8774,224
4500,8474,226
4500,8173,233
4500,7873,236
4500,7571,234
4500,7271,235
4500,6971,234
4500,6670,231
4500,6370,228
4500,6070,222
4500,5770,223
4500,5468,230
4500,5168,236
4500,4867,238
4500,4567,239
4500,4267,238
4500,3966,237
4500,3666,238
4500,3365,238
4500,3064,238
4500,2764,240
4500,2464,238
4500,2163,236
4500,1863,234
4500,1563,232
4500,1261,233
4500,961,237
4500,661,238
4500,360,239
4500,60,239
4740,0,239
4800,241,238
4800,542,238
4800,844,233
4800,1144,231
4800,1444,231
4800,1745,233
4800,2045,235
4800,2345,238
4800,2646,237
4800,2947,237
4800,3247,235
4800,3548,236
4800,3848,239
4800,4148,240
4800,4449,239
4800,4749,237
4800,5050,231
4800,5351,225
4800,5651,224
4800,5951,223
4800,6252,225
4800,6552,230
4800,6852,232
4800,7154,232
4800,7454,233
4800,7754,234
4800,8055,231
4800,8355,227
4800,8655,222
4800,8956,220
4800,9257,218
4800,9558,220
4800,9858,228
4800,10158,235
4800,10458,236
4800,10759,235
4800,11059,238
4800,11361,236
4800,11661,237
5061,11700,236
5100,11438,235
5100,11138,235
5100,10838,235
5100,10538,235
5100,10236,233
5100,9936,229
5100,9635,222
5100,9335,222
5100,9035,222
5100,8734,226
5100,8434,228
5100,8133,231
5100,7831,232
5100,7531,233
5100,7230,231
5100,6930,230
5100,6630,227
5100,6330,222
5100,6029,224
5100,5728,222
5100,5427,227
5100,5127,233
5100,4827,238
5100,4526,240
5100,4226,238
5100,3926,237
5100,3624,236
5100,3324,236
5100,3024,235
5100,2723,235
5100,2423,236
5100,2123,231
5100,1822,232
5100,1521,230
5100,1221,229
5100,920,234
5100,620,238
5100,320,238
5100,19,238
5381,0,239
5400,282,238
5400,583,234
5400,883,229
5400,1183,226
5400,1484,226
5400,1784,227
5400,2084,231
5400,2386,235
5400,2686,235
5400,2986,234
5400,3287,237
5400,3587,236
5400,3887,238
5400,4188,238
5400,4489,238
5400,4790,235
5400,5090,230
5400,5390,223
5400,5690,216
5400,5991,214
5400,6291,221
5400,6593,228
5400,6893,231
5400,7193,233
5400,7494,231
5400,7794,230
5400,8094,230
5400,8394,229
5400,8696,225
5400,8998,222
5400,9298,224
5400,9598,227
5400,9898,231
5400,10199,232
5400,10499,232
5400,10799,234
5400,11101,235
5400,11401,234
5401,11700,233
5700,11698,232
5700,11398,233
5700,11098,231
5700,10797,232
5700,10496,232
5700,10195,229
5700,9895,227
5700,9595,224
5700,9294,222
5700,8994,225
5700,8694,226
5700,8392,228
5700,8092,229
5700,7792,228
5700,7491,229
5700,7191,230
5700,6891,230
5700,6590,224
5700,6289,220
5700,5989,215
5700,5688,217
5700,5388,227
5700,5088,235
5700,4787,236
5700,4487,237
5700,4186,236
5700,3885,236
5700,3585,234
5700,3285,234
5700,2984,235
5700,2684,235
5700,2384,232
5700,2082,226
5700,1782,224
5700,1482,224
5700,1181,225
5700,881,232
5700,581,236
5700,280,237
5721,0,236
6000,23,237
6000,323,234
6000,623,233
6000,924,228
6000,1224,226
6000,1524,226
6000,1825,227
6000,2126,230
6000,2426,233
6000,2727,235
6000,3027,235
6000,3327,233
6000,3628,230
6000,3928,231
6000,4230,235
6000,4530,238
6000,4830,234
6000,5130,227
6000,5431,219
6000,5731,219
6000,6031,222
6000,6333,228
6000,6633,230
6000,6934,229
6000,7234,227
6000,7534,227
6000,7834,227
6000,8135,225
6000,8436,223
6000,8737,223
6000,9037,222
6000,9337,223
6000,9638,225
6000,9938,228
6000,10238,229
6000,10540,231
6000,10840,232
6000,11140,230
6000,11441,231
6041,11700,233
6300,11659,233
6300,11358,232
6300,11057,231
6300,10757,231
6300,10456,229
6300,10156,226
6300,9856,225
6300,9555,222
6300,9255,221
6300,8954,217
6300,8653,217
6300,8353,222
6300,8053,227
6300,7752,228
6300,7452,229
6300,7152,229
6300,6850,230
6300,6549,228
6300,6248,221
6300,5948,220
6300,5648,225
6300,5347,225
6300,5047,233
6300,4747,235
6300,4445,232
6300,4145,232
6300,3845,229
6300,3544,232
6300,3244,236
6300,2944,235
6300,2643,233
6300,2342,229
6300,2042,225
6300,1741,225
6300,1441,228
6300,1141,231
6300,840,232
6300,540,235
6300,238,235
6362,0,232
6600,62,234
6600,362,235
6600,663,233
6600,963,232
6600,1263,227
6600,1565,224
6600,1865,224
6600,2166,227
6600,2466,232
6600,2766,237
6600,3066,236
6600,3367,232
6600,3668,229
6600,3969,228
6600,4269,228
6600,4569,235
6600,4870,233
6600,5170,227
6600,5470,221
6600,5772,222
6600,6072,226
6600,6372,231
6600,6673,229
6600,6973,227
6600,7273,226
6600,7574,226
6600,7875,222
6600,8177,221
6600,8477,216
6600,8777,214
6600,9078,217
6600,9378,222
6600,9678,226
6600,9978,228
6600,10280,231
6600,10580,232
6600,10881,233
6600,11181,233
6600,11481,234
6681,11700,233
6900,11618,233
6900,11317,233
6900,11016,232
6900,10716,232
6900,10416,231
6900,10115,226
6900,9815,220
6900,9515,217
6900,9213,214
6900,8913,213
6900,8613,212
6900,8312,216
6900,8012,220
6900,7712,223
6900,7411,227
6900,7110,228
6900,6810,229
6900,6509,229
6900,6209,229
6900,5909,225
6900,5608,226
6900,5308,229
6900,5006,233
6900,4706,234
6900,4406,234
6900,4106,230
6900,3805,235
6900,3505,239
6900,3205,238
6900,2903,237
6900,2603,230
6900,2302,231
6900,2002,227
6900,1702,229
6900,1402,232
6900,1101,233
6900,800,235
6900,499,236
6900,199,235
7001,0,235
7200,102,236
7200,402,236
7200,702,235
7200,1004,236
7200,1305,236
7200,1606,231
7200,1906,231
7200,2206,234
7200,2506,239
7200,2807,241
7200,3107,240
7200,3409,239
7200,3709,237
7200,4009,235
7200,4310,234
7200,4610,232
7200,4910,231
7200,5210,228
7200,5512,227
7200,5812,228
7200,6113,229
7200,6413,227
7200,6713,228
7200,7014,229
7200,7314,225
7200,7615,222
7200,7916,220
7200,8216,215
7200,8516,210
7200,8817,209
7200,9117,216
7200,9417,221
7200,9719,222
7200,10019,227
7200,10319,231
7200,10620,231
7200,10920,231
7200,11220,231
7200,11521,231
7322,11700,231
7500,11578,230
7500,11277,232
7500,10977,231
7500,10677,231
7500,10376,229
7500,10076,227
7500,9774,225
7500,9474,222
7500,9174,215
7500,8874,211
7500,8573,216
7500,8273,221
7500,7973,222
7500,7671,226
7500,7370,229
7500,7069,230
7500,6769,228
7500,6469,228
7500,6168,228
7500,5868,228
7500,5568,229
7500,5266,231
7500,4966,232
7500,4666,234
7500,4365,236
7500,4065,237
7500,3765,237
7500,3464,238
7500,3163,240
7500,2862,240
7500,2562,240
7500,2262,239
7500,1962,238
7500,1661,237
7500,1361,238
7500,1059,238
7500,759,237
7500,459,236
7500,158,234
7642,0,234
7800,142,235
7800,442,236
7800,744,237
7800,1044,240
7800,1345,238
7800,1645,239
7800,1945,239
7800,2246,239
7800,2546,239
7800,2847,238
7800,3148,237
7800,3448,236
7800,3748,235
7800,4049,236
7800,4349,236
7800,4649,233
7800,4951,232
7800,5251,231
7800,5551,227
7800,5852,227
7800,6152,230
7800,6452,231
7800,6753,230
7800,7054,230
7800,7354,228
7800,7655,225
7800,7955,224
7800,8255,222
7800,8556,221
7800,8856,219
7800,9158,222
7800,9459,227
7800,9759,228
7800,10060,230
7800,10360,230
7800,10660,232
7800,10961,232
7800,11261,231
7800,11562,230
7963,11700,230
8100,11537,230
8100,11237,233
8100,10936,232
8100,10636,232
8100,10336,230
8100,10034,231
8100,9734,227
8100,9434,226
8100,9133,227
8100,8833,226
8100,8533,223
8100,8232,225
8100,7931,227
8100,7630,227
8100,7330,230
8100,7030,232
8100,6730,232
8100,6429,231
8100,6129,230
8100,5827,227
8100,5527,229
8100,5227,232
8100,4926,232
8100,4626,234
8100,4326,233
8100,4026,234
8100,3724,236
8100,3424,235
8100,3123,238
8100,2823,239
8100,2523,238
8100,2222,238
8100,1922,238
8100,1621,238
8100,1320,236
8100,1020,239
8100,720,238
8100,419,237
8100,119,234
8281,0,235
8400,183,237
8400,484,238
8400,785,239
8400,1085,237
8400,1385,236
8400,1686,236
8400,1986,238
8400,2286,239
8400,2588,237
8400,2888,236
8400,3188,235
8400,3489,234
8400,3789,234
8400,4089,232
8400,4390,231
8400,4691,229
8400,4991,230
8400,5292,229
8400,5592,229
8400,5892,231
8400,6193,232
8400,6493,230
8400,6794,230
8400,7095,230
8400,7395,230
8400,7695,231
8400,7996,230
8400,8296,229
8400,8596,229
8400,8898,232
8400,9198,231
8400,9498,233
8400,9799,231
8400,10099,232
8400,10399,231
8400,10700,231
8400,11001,229
8400,11302,229
8400,11602,227
8602,11700,226
8700,11498,227
8700,11197,229
8700,10897,229
8700,10595,229
8700,10295,232
8700,9995,231
8700,9694,233
8700,9394,234
8700,9094,233
8700,8794,232
8700,8492,232
8700,8192,232
8700,7891,233
8700,7591,233
8700,7291,231
8700,6990,231
8700,6690,230
8700,6389,230
8700,6087,232
8700,5787,231
8700,5486,230
8700,5186,229
8700,4886,230
8700,4586,231
8700,4285,233
8700,3984,232
8700,3683,234
8700,3383,234
8700,3083,235
8700,2782,237
8700,2482,237
8700,2182,236
8700,1880,236
8700,1580,236
8700,1280,238
8700,979,237
8700,679,237
8700,379,239
8700,78,238
8923,0,238
9000,223,237
9000,524,238
9000,824,237
9000,1124,236
9000,1425,236
9000,1725,235
9000,2026,236
9000,2327,236
9000,2627,236
9000,2927,237
9000,3228,236
9000,3528,235
9000,3828,234
9000,4130,232
9000,4430,232
9000,4730,231
9000,5031,230
9000,5331,231
9000,5631,231
9000,5932,230
9000,6233,230
9000,6534,232
9000,6834,230
9000,7134,232
9000,7434,230
9000,7735,232
9000,8035,233
9000,8337,233
9000,8638,235
9000,8938,234
9000,9239,232
9000,9539,232
9000,9839,229
9000,10140,229
9000,10440,226
9000,10742,225
9000,11042,223
9000,11342,223
9000,11642,224
9243,11700,217
9300,11457,214
9300,11157,213
9300,10855,218
9300,10555,223
9300,10254,226
9300,9954,228
9300,9654,230
9300,9354,231
9300,9053,234
9300,8752,233
9300,8451,232
9300,8151,232
9300,7851,232
9300,7550,229
9300,7250,230
9300,6950,229
9300,6648,229
9300,6348,228
9300,6048,229
9300,5747,228
9300,5447,229
9300,5147,229
9300,4846,230
9300,4545,231
9300,4245,233
9300,3944,235
9300,3644,236
9300,3344,237
9300,3043,237
9300,2743,236
9300,2442,236
9300,2141,235
9300,1841,236
9300,1541,234
9300,1240,235
9300,940,237
9300,640,236
9300,338,237
9300,38,237
9562,0,236
9600,263,235
9600,563,235
9600,863,235
9600,1164,234
9600,1465,235
9600,1767,235
9600,2067,235
9600,2367,238
9600,2668,237
9600,2968,237
9600,3268,237
9600,3569,236
9600,3870,233
9600,4170,232
9600,4471,229
9600,4771,227
9600,5071,228
9600,5372,229
9600,5672,228
9600,5974,227
9600,6274,229
9600,6574,229
9600,6874,229
9600,7175,229
9600,7475,228
9600,7775,229
9600,8077,231
9600,8377,231
9600,8678,233
9600,8978,232
9600,9278,231
9600,9578,229
9600,9879,224
9600,10180,220
9600,10481,214
9600,10781,206
9600,11081,206
9600,11382,205
9600,11682,201
9882,11700,196
9900,11416,202
9900,11116,205
9900,10816,207
9900,10515,215
9900,10215,222
9900,9915,225
9900,9614,230
9900,9313,230
9900,9013,231
9900,8712,231
9900,8412,233
9900,8112,231
9900,7811,230
9900,7511,229
9900,7210,228
9900,6908,228
9900,6608,228
9900,6307,229
9900,6007,229
9900,5707,230
9900,5406,229
9900,5106,228
9900,4805,229
9900,4504,231
9900,4204,233
9900,3904,234
9900,3603,236
9900,3303,237
9900,3003,238
9900,2701,237
9900,2401,238
9900,2101,234
9900,1800,234
9900,1500,234
9900,1200,233
9900,899,232
9900,598,232
9900,298,232
9903,0,232
10200,3,229
10200,303,231
10200,604,229
10200,904,232
10200,1206,233
10200,1506,234
10200,1806,234
10200,2106,236
10200,2407,237
10200,2707,236
10200,3007,237
10200,3309,235
10200,3609,235
10200,3910,233
10200,4210,232
10200,4510,231
10200,4810,230
10200,5111,230
10200,5412,232
10200,5713,231
10200,6013,231
10200,6313,228
10200,6614,229
10200,6914,228
10200,7214,229
10200,7516,230
10200,7816,232
10200,8116,232
10200,8417,234
10200,8717,232
10200,9017,231
10200,9318,230
10200,9619,227
10200,9921,224
10200,10221,217
10200,10521,209
10200,10822,204
10200,11122,198
10200,11422,197
10222,11700,201
10500,11676,204
10500,11376,203
10500,11075,207
10500,10775,211
10500,10475,219
10500,10174,223
10500,9874,227
10500,9573,229
10500,9272,230
10500,8972,231
10500,8672,232
10500,8371,232
10500,8071,232
10500,7771,232
10500,7469,229
10500,7169,228
10500,6869,228
10500,6568,228
10500,6268,228
10500,5968,230
10500,5667,231
10500,5366,229
10500,5066,228
10500,4765,229
10500,4465,232
10500,4165,232
10500,3864,233
10500,3564,234
10500,3262,235
10500,2962,235
10500,2662,234
10500,2362,234
10500,2061,233
10500,1761,232
10500,1461,230
10500,1159,230
10500,859,229
10500,558,227
10500,258,227
10542,0,227
10800,42,226
10800,343,226
10800,644,226
10800,946,229
10800,1246,229
10800,1546,231
10800,1847,232
10800,2147,231
10800,2447,231
10800,2748,232
10800,3049,231
10800,3350,231
10800,3650,233
10800,3950,232
10800,4250,230
10800,4551,227
10800,4851,226
10800,5153,228
10800,5453,229
10800,5753,228
10800,6054,227
10800,6354,226
10800,6654,227
10800,6954,227
10800,7256,228
10800,7556,229
10800,7857,232
10800,8157,231
10800,8457,231
10800,8758,230
10800,9058,230
10800,9359,229
10800,9660,226
10800,9960,223
10800,10260,220
10800,10561,216
10800,10861,212
10800,11161,211
10800,11463,211
10863,11700,214
11100,11637,217
11100,11336,217
11100,11036,217
11100,10736,220
11100,10435,222
11100,10134,223
11100,9834,226
11100,9533,227
11100,9233,229
11100,8933,229
11100,8632,230
11100,8332,229
11100,8030,231
11100,7730,228
11100,7430,229
11100,7130,228
11100,6829,226
11100,6529,227
11100,6229,226
11100,5927,225
11100,5626,224
11100,5325,225
11100,5025,227
11100,4725,231
11100,4424,232
11100,4124,231
11100,3824,232
11100,3522,229
11100,3222,229
11100,2922,230
11100,2621,232
11100,2321,231
11100,2021,231
11100,1720,232
11100,1419,229
11100,1118,226
11100,818,224
11100,518,222
11100,218,223
11183,0,223
11400,83,219
11400,385,219
11400,685,221
11400,985,224
11400,1286,228
11400,1586,232
11400,1886,233
11400,2186,230
11400,2488,229
11400,2788,229
11400,3089,229
11400,3389,229
11400,3689,230
11400,3990,233
11400,4290,231
11400,4591,229
11400,4892,229
11400,5192,226
11400,5492,224
11400,5793,222
11400,6093,223
11400,6393,225
11400,6695,227
11400,6995,229
11400,7295,228
11400,7596,228
11400,7896,228
11400,8196,227
11400,8497,229
11400,8798,229
11400,9100,228
11400,9400,227
11400,9700,225
11400,10001,224
11400,10301,221
11400,10601,217
11400,10902,217
11400,11203,220
11400,11503,222
11503,11700,222
11700,11596,222
11700,11296,221
11700,10995,220
11700,10695,219
11700,10394,222
11700,10093,225
11700,9793,227
11700,9493,226
11700,9192,226
11700,8892,229
11700,8592,228
11700,8290,226
11700,7990,226
11700,7690,228
11700,7389,227
11700,7089,225
11700,6789,221
11700,6488,221
11700,6187,219
11700,5886,220
11700,5586,222
11700,5286,225
11700,4986,229
11700,4685,232
11700,4385,233
11700,4083,228
11700,3783,227
11700,3483,227
11700,3182,228
11700,2882,230
11700,2582,231
11700,2282,228
11700,1980,225
11700,1680,222
11700,1379,219
11700,1079,218
11700,779,216
11700,478,217
11700,178,218
11823,0,219
12000,124,217
12000,424,215
12000,724,213
12000,1025,216
12000,1325,220
12000,1625,220
12000,1927,224
12000,2228,229
12000,2529,231
12000,2829,228
12000,3129,226
12000,3430,226
12000,3730,225
12000,4030,226
12000,4332,231
12000,4632,232
12000,4932,225
12000,5233,221
12000,5533,218
12000,5833,218
12000,6134,215
12000,6435,217
12000,6735,221
12000,7036,225
12000,7336,226
12000,7636,226
12000,7937,227
12000,8237,227
12000,8538,228
12000,8839,226
12000,9139,228
12000,9439,228
12000,9740,226
12000,10040,224
12000,10340,223
12000,10642,222
12000,10942,223
12000,11242,224
12000,11543,223
12143,11700,224
12300,11557,223
12300,11256,221
12300,10955,224
12300,10654,223
12300,10354,224
12300,10054,226
12300,9754,227
12300,9453,227
12300,9153,227
12300,8851,226
12300,8551,226
12300,8251,225
12300,7950,225
12300,7650,225
12300,7350,224
12300,7050,220
12300,6748,220
12300,6446,215
12300,6146,215
12300,5846,218
12300,5546,221
12300,5245,227
12300,4945,231
12300,4645,228
12300,4343,224
12300,4043,227
12300,3742,226
12300,3442,225
12300,3142,230
12300,2842,231
12300,2541,229
12300,2240,225
12300,1939,222
12300,1639,223
12300,1339,216
12300,1038,211
12300,738,210
12300,438,215
12300,136,218
12464,0,221
12600,164,216
12600,465,216
12600,765,214
12600,1065,213
12600,1366,219
12600,1667,224
12600,1967,226
12600,2268,229
12600,2568,231
12600,2868,232
12600,3169,228
12600,3469,225
12600,3770,226
12600,4071,225
12600,4371,225
12600,4671,230
12600,4972,230
12600,5272,226
12600,5572,221
12600,5874,217
12600,6174,217
12600,6475,221
12600,6775,222
12600,7075,224
12600,7375,225
12600,7676,223
12600,7977,224
12600,8278,225
12600,8578,226
12600,8878,226
12600,9179,227
12600,9479,226
12600,9779,227
12600,10081,225
12600,10382,225
12600,10682,224
12600,10983,224
12600,11283,226
12600,11583,226
12783,11700,225
12900,11516,227
12900,11214,227
12900,10914,227
12900,10614,227
12900,10314,229
12900,10013,227
12900,9713,228
12900,9413,228
12900,9111,226
12900,8811,225
12900,8510,225
12900,8210,225
12900,7910,226
12900,7610,225
12900,7309,225
12900,7008,222
12900,6707,220
12900,6407,220
12900,6107,222
12900,5806,224
12900,5506,229
12900,5206,230
12900,4904,230
12900,4604,228
12900,4304,228
12900,4003,224
12900,3703,227
12900,3403,231
12900,3102,233
12900,2801,232
12900,2501,232
12900,2200,231
12900,1900,225
12900,1600,220
12900,1299,218
12900,999,223
12900,698,221
12900,397,222
12900,97,223
13103,0,227
13200,204,225
13200,504,225
13200,804,224
13200,1106,224
13200,1407,226
13200,1708,229
13200,2008,231
13200,2308,232
13200,2609,233
13200,2909,235
13200,3209,235
13200,3511,233
13200,3811,230
13200,4111,230
13200,4412,231
13200,4712,232
13200,5012,231
13200,5313,230
13200,5614,225
13200,5914,223
13200,6215,222
13200,6515,223
13200,6815,226
13200,7116,227
13200,7416,225
13200,7718,225
13200,8018,226
13200,8318,225
13200,8618,227
13200,8919,226
13200,9219,229
13200,9519,229
13200,9821,230
13200,10121,229
13200,10422,230
13200,10722,227
13200,11022,227
13200,11322,227
13200,11623,225