0,189,231
0,489,228
0,789,227
0,1090,229
0,1390,228
0,1690,230
0,1992,230
0,2292,229
0,2592,229
0,2893,228
0,3193,230
0,3493,230
0,3794,230
0,4095,230
0,4396,230
0,4696,229
0,4996,228
0,5296,226
0,5597,225
0,5897,225
0,6199,227
0,6499,229
0,6799,231
0,7100,234
0,7400,236
0,7700,237
0,8000,237
0,8302,235
0,8602,234
0,8903,231
0,9203,229
0,9503,227
0,9804,227
0,10104,227
0,10405,226
0,10706,223
0,11006,221
0,11306,219
0,11607,218
207,11700,218
300,11493,219
300,11191,220
300,10891,222
300,10591,224
300,10290,227
300,9990,227
300,9690,226
300,9389,228
300,9088,232
300,8786,234
300,8486,236
300,8186,236
300,7885,236
300,7585,234
300,7285,232
300,6984,230
300,6683,227
300,6383,226
300,6082,225
300,5782,225
300,5482,225
300,5181,229
300,4881,229
300,4579,230
300,4279,229
300,3979,229
300,3679,230
300,3378,229
300,3078,228
300,2778,229
300,2476,228
300,2176,229
300,1875,228
300,1575,228
300,1275,226
300,975,227
300,674,229
300,373,230
300,72,232
528,0,231
600,228,229
600,529,229
600,829,228
600,1129,227
600,1431,228
600,1731,229
600,2031,229
600,2332,228
600,2632,228
600,2932,229
600,3233,228
600,3534,228
600,3834,229
600,4135,229
600,4435,229
600,4735,229
600,5036,227
600,5336,224
600,5637,223
600,5938,223
600,6238,224
600,6538,225
600,6839,230
600,7139,234
600,7439,236
600,7741,236
600,8042,236
600,8343,235
600,8643,232
600,8943,230
600,9244,227
600,9544,227
600,9844,226
600,10146,225
600,10446,220
600,10746,219
600,11047,218
600,11347,217
600,11647,216
847,11700,218
900,11451,218
900,11151,218
900,10850,219
900,10550,221
900,10250,224
900,9949,225
900,9649,225
900,9347,228
900,9047,231
900,8747,233
900,8447,235
900,8146,236
900,7846,236
900,7546,235
900,7244,233
900,6944,227
900,6643,222
900,6343,222
900,6043,222
900,5743,223
900,5442,226
900,5141,228
900,4840,230
900,4540,229
900,4240,229
900,3939,229
900,3639,228
900,3339,226
900,3037,227
900,2737,227
900,2437,228
900,2136,229
900,1836,227
900,1536,228
900,1235,229
900,934,229
900,632,232
900,332,231
900,32,233
1168,0,234
1200,269,232
1200,569,231
1200,870,230
1200,1171,228
1200,1471,228
1200,1772,228
1200,2072,229
1200,2372,228
1200,2673,228
1200,2973,228
1200,3274,228
1200,3575,230
1200,3875,230
1200,4175,230
1200,4476,230
1200,4776,228
1200,5076,225
1200,5378,225
1200,5678,223
1200,5978,223
1200,6279,223
1200,6579,226
1200,6879,228
1200,7180,233
1200,7481,236
1200,7782,237
1200,8082,236
1200,8382,236
1200,8682,233
1200,8983,231
1200,9283,227
1200,9585,225
1200,9885,224
1200,10185,222
1200,10486,222
1200,10786,222
1200,11086,221
1200,11386,222
1200,11688,224
1488,11700,226
1500,11411,226
1500,11111,225
1500,10811,225
1500,10510,225
1500,10210,223
1500,9909,225
1500,9608,226
1500,9308,229
1500,9008,233
1500,8707,234
1500,8407,236
1500,8107,237
1500,7805,236
1500,7504,234
1500,7203,232
1500,6903,228
1500,6603,225
1500,6302,223
1500,6002,223
1500,5702,225
1500,5400,226
1500,5100,228
1500,4800,228
1500,4499,229
1500,4199,229
1500,3899,231
1500,3598,228
1500,3297,230
1500,2997,228
1500,2696,228
1500,2396,228
1500,2096,229
1500,1795,229
1500,1495,228
1500,1194,231
1500,893,231
1500,593,232
1500,293,236
1507,0,237
1800,8,236
1800,308,236
1800,610,233
1800,910,230
1800,1210,231
1800,1511,229
1800,1811,227
1800,2111,227
1800,2412,227
1800,2713,228
1800,3014,230
1800,3314,232
1800,3614,231
1800,3914,231
1800,4215,231
1800,4515,231
1800,4817,230
1800,5117,230
1800,5417,229
1800,5718,226
1800,6018,225
1800,6318,226
1800,6618,230
1800,6920,232
1800,7222,236
1800,7522,237
1800,7822,238
1800,8122,236
1800,8423,236
1800,8723,233
1800,9023,231
1800,9325,229
1800,9625,230
1800,9926,227
1800,10226,225
1800,10526,228
1800,10826,229
1800,11127,230
1800,11428,232
1828,11700,231
2100,11671,233
2100,11371,230
2100,11070,230
2100,10770,229
2100,10470,229
2100,10168,231
2100,9868,233
2100,9568,233
2100,9267,233
2100,8967,235
2100,8667,236
2100,8366,238
2100,8065,238
2100,7765,238
2100,7464,238
2100,7164,233
2100,6864,231
2100,6563,228
2100,6263,227
2100,5962,228
2100,5661,231
2100,5361,233
2100,5061,234
2100,4760,233
2100,4460,232
2100,4160,234
2100,3858,232
2100,3558,230
2100,3258,231
2100,2957,228
2100,2657,228
2100,2357,228
2100,2056,228
2100,1755,229
2100,1454,231
2100,1154,232
2100,854,233
2100,554,236
2100,253,237
2147,0,239
2400,49,237
2400,350,236
2400,650,236
2400,951,235
2400,1251,232
2400,1551,229
2400,1852,228
2400,2152,228
2400,2454,228
2400,2754,231
2400,3054,231
2400,3354,233
2400,3655,233
2400,3955,234
2400,4255,234
2400,4557,236
2400,4857,236
2400,5158,236
2400,5458,233
2400,5758,231
2400,6058,230
2400,6359,230
2400,6660,232
2400,6961,236
2400,7261,237
2400,7561,240
2400,7862,240
2400,8162,237
2400,8462,238
2400,8764,236
2400,9064,237
2400,9364,236
2400,9665,236
2400,9965,232
2400,10265,231
2400,10566,232
2400,10867,233
2400,11167,235
2400,11468,236
2468,11700,238
2700,11632,236
2700,11331,236
2700,11031,235
2700,10730,233
2700,10429,233
2700,10129,233
2700,9829,236
2700,9528,236
2700,9228,237
2700,8928,237
2700,8626,240
2700,8325,238
2700,8024,240
2700,7724,238
2700,7424,237
2700,7123,236
2700,6823,236
2700,6523,235
2700,6221,234
2700,5921,235
2700,5621,237
2700,5320,237
2700,5020,238
2700,4720,237
2700,4419,236
2700,4118,233
2700,3818,234
2700,3517,232
2700,3217,230
2700,2917,232
2700,2616,230
2700,2316,230
2700,2014,230
2700,1714,231
2700,1414,233
2700,1114,236
2700,813,238
2700,513,239
2700,213,241
2789,0,242
3000,89,239
3000,390,239
3000,690,238
3000,990,235
3000,1290,234
3000,1591,232
3000,1892,232
3000,2193,230
3000,2493,231
3000,2793,232
3000,3094,231
3000,3394,234
3000,3694,235
3000,3996,236
3000,4296,237
3000,4596,241
3000,4897,241
3000,5197,240
3000,5497,238
3000,5798,238
3000,6099,238
3000,6399,237
3000,6700,238
3000,7000,238
3000,7300,239
3000,7601,240
3000,7901,238
3000,8202,239
3000,8504,238
3000,8804,239
3000,9105,239
3000,9405,236
3000,9705,236
3000,10006,234
3000,10306,236
3000,10607,235
3000,10908,236
3000,11208,238
3000,11508,236
3108,11700,235
3300,11591,238
3300,11291,236
3300,10989,235
3300,10689,236
3300,10389,235
3300,10088,236
3300,9788,236
3300,9488,238
3300,9187,239
3300,8886,240
3300,8586,238
3300,8285,240
3300,7985,239
3300,7685,239
3300,7384,240
3300,7084,238
3300,6782,239
3300,6482,238
3300,6182,239
3300,5882,240
3300,5581,241
3300,5281,242
3300,4981,242
3300,4679,241
3300,4379,240
3300,4078,237
3300,3778,235
3300,3478,233
3300,3178,231
3300,2877,231
3300,2576,230
3300,2275,232
3300,1975,233
3300,1675,234
3300,1374,235
3300,1074,237
3300,774,238
3300,472,240
3300,171,239
3429,0,239
3600,130,240
3600,430,239
3600,730,238
3600,1031,238
3600,1331,235
3600,1633,234
3600,1933,233
3600,2233,233
3600,2534,230
3600,2834,231
3600,3134,233
3600,3434,235
3600,3736,236
3600,4036,238
3600,4337,239
3600,4637,240
3600,4937,241
3600,5238,240
3600,5538,241
3600,5839,239
3600,6140,240
3600,6440,240
3600,6740,240
3600,7041,239
3600,7341,241
3600,7641,239
3600,7943,239
3600,8243,240
3600,8543,240
3600,8844,241
3600,9144,239
3600,9444,237
3600,9745,237
3600,10046,236
3600,10346,237
3600,10647,235
3600,10947,236
3600,11247,235
3600,11548,235
3748,11700,235
3900,11550,235
3900,11250,235
3900,10950,236
3900,10650,236
3900,10349,237
3900,10049,237
3900,9749,237
3900,9447,238
3900,9147,240
3900,8846,240
3900,8546,240
3900,8246,239
3900,7946,240
3900,7645,239
3900,7344,240
3900,7042,241
3900,6742,242
3900,6442,240
3900,6141,241
3900,5841,239
3900,5541,239
3900,5240,240
3900,4939,239
3900,4638,238
3900,4338,236
3900,4038,236
3900,3738,235
3900,3437,233
3900,3137,234
3900,2835,234
3900,2535,233
3900,2235,235
3900,1934,235
3900,1634,236
3900,1334,237
3900,1034,238
3900,732,239
3900,432,240
3900,131,238
4069,0,239
4200,169,238
4200,470,237
4200,770,237
4200,1071,237
4200,1372,234
4200,1672,235
4200,1972,234
4200,2273,236
4200,2573,235
4200,2873,236
4200,3175,236
4200,3475,236
4200,3775,236
4200,4076,238
4200,4376,237
4200,4676,238
4200,4977,240
4200,5278,240
4200,5578,239
4200,5879,240
4200,6179,241
4200,6479,241
4200,6780,240
4200,7080,241
4200,7382,240
4200,7683,239
4200,7983,240
4200,8284,239
4200,8584,239
4200,8884,239
4200,9185,238
4200,9485,237
4200,9786,236
4200,10087,234
4200,10387,234
4200,10687,235
4200,10988,236
4200,11288,234
4200,11588,234
4390,11700,234
4500,11510,234
4500,11210,235
4500,10909,234
4500,10609,234
4500,10309,236
4500,10008,235
4500,9707,236
4500,9406,238
4500,9106,237
4500,8806,240
4500,8506,238
4500,8205,239
4500,7905,239
4500,7603,240
4500,7303,240
4500,7003,240
4500,6702,241
4500,6402,241
4500,6102,239
4500,5802,240
4500,5500,238
4500,5200,238
4500,4899,238
4500,4599,238
4500,4299,238
4500,3998,235
4500,3698,236
4500,3397,236
4500,3096,235
4500,2796,236
4500,2496,236
4500,2195,235
4500,1895,236
4500,1595,235
4500,1293,237
4500,993,237
4500,693,236
4500,392,238
4500,92,239
4708,0,235
4800,209,237
4800,510,236
4800,812,236
4800,1112,235
4800,1412,234
4800,1713,235
4800,2013,236
4800,2313,234
4800,2614,235
4800,2915,233
4800,3215,235
4800,3516,234
4800,3816,236
4800,4116,235
4800,4417,236
4800,4717,237
4800,5018,237
4800,5319,239
4800,5619,240
4800,5919,241
4800,6220,242
4800,6520,241
4800,6820,241
4800,7122,240
4800,7422,241
4800,7722,240
4800,8023,240
4800,8323,240
4800,8623,240
4800,8924,239
4800,9225,238
4800,9526,237
4800,9826,236
4800,10126,234
4800,10426,235
4800,10727,233
4800,11027,235
4800,11329,234
4800,11629,233
5029,11700,232
5100,11470,234
5100,11170,233
5100,10870,234
5100,10570,233
5100,10268,234
5100,9968,236
5100,9667,236
5100,9367,238
5100,9067,238
5100,8766,239
5100,8466,242
5100,8165,240
5100,7863,241
5100,7563,242
5100,7262,240
5100,6962,241
5100,6662,241
5100,6362,241
5100,6061,241
5100,5760,238
5100,5459,238
5100,5159,238
5100,4859,236
5100,4558,234
5100,4258,235
5100,3958,234
5100,3656,231
5100,3356,233
5100,3056,233
5100,2755,235
5100,2455,235
5100,2155,237
5100,1854,235
5100,1553,235
5100,1253,235
5100,952,236
5100,652,236
5100,352,235
5100,51,235
5349,0,234
5400,250,234
5400,551,235
5400,851,234
5400,1151,234
5400,1452,235
5400,1752,236
5400,2052,235
5400,2354,236
5400,2654,235
5400,2954,233
5400,3255,233
5400,3555,232
5400,3855,233
5400,4156,235
5400,4457,234
5400,4758,236
5400,5058,238
5400,5358,238
5400,5658,241
5400,5959,241
5400,6259,240
5400,6561,240
5400,6861,242
5400,7161,243
5400,7462,240
5400,7762,240
5400,8062,240
5400,8362,240
5400,8664,239
5400,8966,238
5400,9266,236
5400,9566,235
5400,9866,235
5400,10167,233
5400,10467,232
5400,10767,233
5400,11069,233
5400,11369,231
5400,11670,231
5670,11700,230
5700,11430,232
5700,11130,232
5700,10829,232
5700,10528,233
5700,10227,233
5700,9927,235
5700,9627,235
5700,9326,236
5700,9026,237
5700,8726,238
5700,8424,239
5700,8124,239
5700,7824,241
5700,7523,240
5700,7223,241
5700,6923,240
5700,6622,241
5700,6321,242
5700,6021,241
5700,5720,239
5700,5420,239
5700,5120,236
5700,4819,236
5700,4519,235
5700,4218,234
5700,3917,232
5700,3617,232
5700,3317,233
5700,3016,233
5700,2716,235
5700,2416,235
5700,2114,235
5700,1814,235
5700,1514,235
5700,1213,234
5700,913,233
5700,613,233
5700,312,233
5700,11,234
5991,0,231
6000,291,233
6000,591,232
6000,892,234
6000,1192,235
6000,1492,235
6000,1793,235
6000,2094,234
6000,2394,235
6000,2695,233
6000,2995,231
6000,3295,231
6000,3596,230
6000,3896,230
6000,4198,233
6000,4498,235
6000,4798,237
6000,5098,238
6000,5399,240
6000,5699,242
6000,5999,241
6000,6301,241
6000,6601,239
6000,6902,241
6000,7202,241
6000,7502,242
6000,7802,240
6000,8103,238
6000,8404,237
6000,8705,237
6000,9005,238
6000,9305,236
6000,9606,235
6000,9906,237
6000,10206,235
6000,10508,234
6000,10808,233
6000,11108,231
6000,11409,231
6009,11700,230
6300,11691,229
6300,11390,231
6300,11089,234
6300,10789,234
6300,10488,235
6300,10188,235
6300,9888,235
6300,9587,235
6300,9287,235
6300,8986,236
6300,8685,237
6300,8385,239
6300,8085,239
6300,7784,240
6300,7484,242
6300,7184,241
6300,6882,241
6300,6581,242
6300,6280,242
6300,5980,241
6300,5680,240
6300,5379,238
6300,5079,237
6300,4779,236
6300,4477,232
6300,4177,228
6300,3877,225
6300,3576,227
6300,3276,229
6300,2976,232
6300,2675,232
6300,2374,231
6300,2074,234
6300,1773,236
6300,1473,233
6300,1173,235
6300,872,234
6300,572,233
6300,270,231
6330,0,231
6600,30,232
6600,330,232
6600,631,232
6600,931,234
6600,1231,233
6600,1533,233
6600,1833,232
6600,2134,232
6600,2434,231
6600,2734,230
6600,3034,227
6600,3335,224
6600,3636,228
6600,3937,227
6600,4237,229
6600,4537,234
6600,4838,236
6600,5138,238
6600,5438,240
6600,5740,242
6600,6040,242
6600,6340,241
6600,6641,242
6600,6941,242
6600,7241,240
6600,7542,240
6600,7843,239
6600,8145,238
6600,8445,235
6600,8745,237
6600,9046,235
6600,9346,234
6600,9646,237
6600,9946,235
6600,10248,235
6600,10548,234
6600,10849,233
6600,11149,233
6600,11449,232
6649,11700,232
6900,11650,233
6900,11349,235
6900,11048,235
6900,10748,235
6900,10448,234
6900,10147,235
6900,9847,235
6900,9547,234
6900,9245,234
6900,8945,236
6900,8645,236
6900,8344,238
6900,8044,239
6900,7744,241
6900,7443,241
6900,7142,242
6900,6842,243
6900,6541,242
6900,6241,243
6900,5941,242
6900,5640,242
6900,5340,239
6900,5038,236
6900,4738,233
6900,4438,227
6900,4138,224
6900,3837,225
6900,3537,223
6900,3237,225
6900,2935,229
6900,2635,229
6900,2334,230
6900,2034,230
6900,1734,233
6900,1434,233
6900,1133,234
6900,832,234
6900,531,235
6900,231,234
6969,0,234
7200,70,236
7200,370,237
7200,670,235
7200,972,233
7200,1273,233
7200,1574,233
7200,1874,230
7200,2174,230
7200,2474,229
7200,2775,227
7200,3075,227
7200,3377,225
7200,3677,223
7200,3977,226
7200,4278,231
7200,4578,235
7200,4878,237
7200,5178,239
7200,5480,241
7200,5780,243
7200,6081,243
7200,6381,243
7200,6681,243
7200,6982,242
7200,7282,242
7200,7583,239
7200,7884,238
7200,8184,237
7200,8484,236
7200,8785,235
7200,9085,234
7200,9385,235
7200,9687,234
7200,9987,235
7200,10287,234
7200,10588,235
7200,10888,235
7200,11188,233
7200,11489,233
7290,11700,233
7500,11610,233
7500,11309,235
7500,11009,236
7500,10709,236
7500,10408,237
7500,10108,237
7500,9806,236
7500,9506,236
7500,9206,235
7500,8906,238
7500,8605,236
7500,8305,238
7500,8005,238
7500,7703,240
7500,7402,242
7500,7101,244
7500,6801,243
7500,6501,245
7500,6200,244
7500,5900,243
7500,5600,241
7500,5298,238
7500,4998,235
7500,4698,233
7500,4397,231
7500,4097,230
7500,3797,229
7500,3496,226
7500,3195,228
7500,2894,229
7500,2594,228
7500,2294,228
7500,1994,231
7500,1693,234
7500,1393,235
7500,1091,238
7500,791,237
7500,491,238
7500,190,238
7610,0,239
7800,110,239
7800,410,240
7800,712,239
7800,1012,237
7800,1313,234
7800,1613,232
7800,1913,230
7800,2214,228
7800,2514,228
7800,2815,229
7800,3116,226
7800,3416,229
7800,3716,231
7800,4017,233
7800,4317,235
7800,4617,235
7800,4919,239
7800,5219,239
7800,5519,242
7800,5820,244
7800,6120,246
7800,6420,246
7800,6721,244
7800,7022,245
7800,7322,243
7800,7623,242
7800,7923,239
7800,8223,235
7800,8524,235
7800,8824,236
7800,9126,234
7800,9427,237
7800,9727,238
7800,10028,238
7800,10328,236
7800,10628,236
7800,10929,236
7800,11229,236
7800,11530,235
7931,11700,237
8100,11569,236
8100,11269,238
8100,10968,237
8100,10668,238
8100,10368,239
8100,10066,239
8100,9766,237
8100,9466,236
8100,9165,236
8100,8865,234
8100,8565,236
8100,8264,239
8100,7963,240
8100,7662,244
8100,7362,245
8100,7062,246
8100,6762,248
8100,6461,248
8100,6161,247
8100,5859,245
8100,5559,242
8100,5259,240
8100,4958,237
8100,4658,236
8100,4358,234
8100,4058,234
8100,3756,229
8100,3456,229
8100,3155,228
8100,2855,229
8100,2555,229
8100,2254,230
8100,1954,229
8100,1653,234
8100,1352,235
8100,1052,239
8100,752,241
8100,451,241
8100,151,240
8249,0,243
8400,151,241
8400,452,242
8400,753,241
8400,1053,236
8400,1353,235
8400,1654,232
8400,1954,230
8400,2254,229
8400,2556,230
8400,2856,228
8400,3156,230
8400,3457,232
8400,3757,233
8400,4057,235
8400,4358,237
8400,4659,239
8400,4959,241
8400,5260,243
8400,5560,245
8400,5860,246
8400,6161,247
8400,6461,248
8400,6762,248
8400,7063,248
8400,7363,247
8400,7663,244
8400,7964,241
8400,8264,237
8400,8564,238
8400,8866,237
8400,9166,236
8400,9466,238
8400,9767,239
8400,10067,241
8400,10367,239
8400,10668,238
8400,10969,239
8400,11270,239
8400,11570,239
8570,11700,241
8700,11530,241
8700,11229,240
8700,10929,240
8700,10627,240
8700,10327,240
8700,10027,243
8700,9726,240
8700,9426,239
8700,9126,240
8700,8826,239
8700,8524,241
8700,8224,244
8700,7923,245
8700,7623,248
8700,7323,247
8700,7022,250
8700,6722,250
8700,6421,249
8700,6119,246
8700,5819,246
8700,5518,245
8700,5218,243
8700,4918,241
8700,4618,238
8700,4317,236
8700,4016,234
8700,3715,232
8700,3415,229
8700,3115,229
8700,2814,229
8700,2514,230
8700,2214,232
8700,1912,234
8700,1612,235
8700,1312,237
8700,1011,240
8700,711,240
8700,411,240
8700,110,242
8891,0,241
9000,191,240
9000,492,242
9000,792,239
9000,1092,239
9000,1393,237
9000,1693,235
9000,1994,232
9000,2295,230
9000,2595,229
9000,2895,230
9000,3196,230
9000,3496,232
9000,3796,233
9000,4098,238
9000,4398,240
9000,4698,242
9000,4999,243
9000,5299,245
9000,5599,246
9000,5900,248
9000,6201,248
9000,6502,249
9000,6802,251
9000,7102,250
9000,7402,248
9000,7703,247
9000,8003,246
9000,8305,244
9000,8606,242
9000,8906,242
9000,9207,242
9000,9507,243
9000,9807,244
9000,10108,243
9000,10408,242
9000,10710,242
9000,11010,242
9000,11310,243
9000,11610,243
9211,11700,244
9300,11489,243
9300,11189,244
9300,10887,244
9300,10587,245
9300,10286,245
9300,9986,246
9300,9686,244
9300,9386,245
9300,9085,244
9300,8784,245
9300,8483,248
9300,8183,247
9300,7883,250
9300,7582,251
9300,7282,251
9300,6982,250
9300,6680,248
9300,6380,249
9300,6080,248
9300,5779,246
9300,5479,244
9300,5179,243
9300,4878,242
9300,4577,241
9300,4277,235
9300,3976,232
9300,3676,231
9300,3376,233
9300,3075,231
9300,2775,232
9300,2474,232
9300,2173,234
9300,1873,236
9300,1573,238
9300,1272,241
9300,972,242
9300,672,242
9300,370,241
9300,70,241
9530,0,242
9600,231,243
9600,531,243
9600,831,242
9600,1132,241
9600,1433,240
9600,1735,238
9600,2035,236
9600,2335,235
9600,2636,233
9600,2936,232
9600,3236,231
9600,3537,232
9600,3838,233
9600,4138,236
9600,4439,239
9600,4739,242
9600,5039,245
9600,5340,245
9600,5640,246
9600,5942,247
9600,6242,249
9600,6542,248
9600,6842,249
9600,7143,249
9600,7443,250
9600,7743,251
9600,8045,249
9600,8345,248
9600,8646,248
9600,8946,247
9600,9246,247
9600,9546,245
9600,9847,246
9600,10148,246
9600,10449,246
9600,10749,245
9600,11049,244
9600,11350,244
9600,11650,245
9850,11700,245
9900,11448,245
9900,11148,245
9900,10848,245
9900,10547,245
9900,10247,247
9900,9947,246
9900,9646,247
9900,9345,247
9900,9045,249
9900,8744,249
9900,8444,248
9900,8144,248
9900,7843,249
9900,7543,249
9900,7242,249
9900,6940,248
9900,6640,248
9900,6339,248
9900,6039,247
9900,5739,245
9900,5438,244
9900,5138,243
9900,4837,239
9900,4536,236
9900,4236,234
9900,3936,231
9900,3635,230
9900,3335,232
9900,3035,232
9900,2733,234
9900,2433,236
9900,2133,238
9900,1832,241
9900,1532,241
9900,1232,243
9900,931,243
9900,630,243
9900,330,240
9900,29,245
10171,0,242
10200,271,243
10200,572,243
10200,872,241
10200,1174,243
10200,1474,242
10200,1774,241
10200,2074,238
10200,2375,237
10200,2675,234
10200,2975,230
10200,3277,228
10200,3577,228
10200,3878,231
10200,4178,234
10200,4478,239
10200,4779,241
10200,5079,243
10200,5380,244
10200,5681,244
10200,5981,245
10200,6281,246
10200,6582,246
10200,6882,249
10200,7182,250
10200,7484,248
10200,7784,248
10200,8084,250
10200,8385,250
10200,8685,250
10200,8985,250
10200,9286,248
10200,9587,248
10200,9889,248
10200,10189,248
10200,10489,246
10200,10790,247
10200,11090,247
10200,11390,245
10200,11690,245
10492,11700,246
10500,11408,247
10500,11107,247
10500,10807,248
10500,10507,248
10500,10206,248
10500,9906,247
10500,9605,250
10500,9304,251
10500,9004,250
10500,8704,251
10500,8403,250
10500,8103,250
10500,7803,248
10500,7501,249
10500,7201,248
10500,6901,248
10500,6600,244
10500,6300,246
10500,6000,244
10500,5699,244
10500,5398,243
10500,5098,242
10500,4797,239
10500,4497,233
10500,4197,231
10500,3896,230
10500,3596,226
10500,3294,227
10500,2994,230
10500,2694,236
10500,2394,239
10500,2093,239
10500,1793,243
10500,1493,241
10500,1191,243
10500,891,243
10500,590,243
10500,290,244
10510,0,242
10800,10,242
10800,311,243
10800,612,241
10800,914,242
10800,1214,241
10800,1514,240
10800,1815,239
10800,2115,238
10800,2415,237
10800,2716,233
10800,3017,230
10800,3318,226
10800,3618,227
10800,3918,228
10800,4218,232
10800,4519,239
10800,4819,242
10800,5121,243
10800,5421,244
10800,5721,245
10800,6022,246
10800,6322,245
10800,6622,247
10800,6922,248
10800,7224,247
10800,7524,249
10800,7825,249
10800,8125,249
10800,8425,250
10800,8726,250
10800,9026,249
10800,9327,248
10800,9628,248
10800,9928,248
10800,10228,247
10800,10529,247
10800,10829,245
10800,11129,247
10800,11431,246
10831,11700,245
11100,11669,245
11100,11368,245
11100,11068,246
11100,10768,246
11100,10467,245
11100,10166,245
11100,9866,245
11100,9565,249
11100,9265,248
11100,8965,248
11100,8664,248
11100,8364,249
11100,8062,250
11100,7762,248
11100,7462,248
11100,7162,248
11100,6861,248
11100,6561,248
11100,6261,246
11100,5959,244
11100,5658,244
11100,5357,244
11100,5057,242
11100,4757,239
11100,4456,234
11100,4156,227
11100,3856,227
11100,3554,227
11100,3254,230
11100,2954,232
11100,2653,235
11100,2353,235
11100,2053,237
11100,1752,238
11100,1451,237
11100,1150,239
11100,850,240
11100,550,240
11100,250,243
11151,0,241
11400,51,239
11400,353,238
11400,653,238
11400,953,236
11400,1254,234
11400,1554,233
11400,1854,233
11400,2154,233
11400,2456,230
11400,2756,229
11400,3057,230
11400,3357,227
11400,3657,226
11400,3958,230
11400,4258,236
11400,4559,239
11400,4860,241
11400,5160,243
11400,5460,243
11400,5761,244
11400,6061,245
11400,6361,247
11400,6663,248
11400,6963,248
11400,7263,248
11400,7564,250
11400,7864,250
11400,8164,250
11400,8465,248
11400,8766,249
11400,9068,248
11400,9368,246
11400,9668,246
11400,9969,246
11400,10269,248
11400,10569,247
11400,10870,246
11400,11171,245
11400,11471,245
11471,11700,244
11700,11628,245
11700,11328,244
11700,11027,246
11700,10727,246
11700,10426,249
11700,10125,248
11700,9825,248
11700,9525,249
11700,9224,249
11700,8924,248
11700,8624,249
11700,8322,249
11700,8022,251
11700,7722,249
11700,7421,249
11700,7121,248
11700,6821,247
11700,6520,246
11700,6219,246
11700,5918,244
11700,5618,242
11700,5318,242
11700,5018,241
11700,4717,239
11700,4417,236
11700,4115,229
11700,3815,228
11700,3515,228
11700,3214,226
11700,2914,227
11700,2614,229
11700,2314,229
11700,2012,229
11700,1712,231
11700,1411,231
11700,1111,233
11700,811,236
11700,510,239
11700,210,237
11791,0,236
12000,92,234
12000,392,234
12000,692,231
12000,993,228
12000,1293,226
12000,1593,225
12000,1895,226
12000,2196,223
12000,2497,226
12000,2797,224
12000,3097,227
12000,3398,227
12000,3698,229
12000,3998,231
12000,4300,236
12000,4600,240
12000,4900,241
12000,5201,242
12000,5501,243
12000,5801,245
12000,6102,247
12000,6403,246
12000,6703,248
12000,7004,248
12000,7304,248
12000,7604,250
12000,7905,251
12000,8205,251
12000,8506,250
12000,8807,249
12000,9107,249
12000,9407,249
12000,9708,247
12000,10008,247
12000,10308,247
12000,10610,245
12000,10910,245
12000,11210,243
12000,11511,243
12111,11700,241
12300,11589,241
12300,11288,242
12300,10987,244
12300,10686,246
12300,10386,246
12300,10086,247
12300,9786,248
12300,9485,248
12300,9185,248
12300,8883,251
12300,8583,249
12300,8283,250
12300,7982,253
12300,7682,249
12300,7382,249
12300,7082,246
12300,6780,246
12300,6478,247
12300,6178,246
12300,5878,244
12300,5578,244
12300,5277,241
12300,4977,240
12300,4677,235
12300,4375,234
12300,4075,230
12300,3774,228
12300,3474,225
12300,3174,224
12300,2874,223
12300,2573,222
12300,2272,220
12300,1971,219
12300,1671,222
12300,1371,223
12300,1070,228
12300,770,229
12300,470,231
12300,168,232
12432,0,231
12600,132,230
12600,433,228
12600,733,226
12600,1033,222
12600,1334,222
12600,1635,218
12600,1935,218
12600,2236,220
12600,2536,222
12600,2836,221
12600,3137,224
12600,3437,226
12600,3738,228
12600,4039,231
12600,4339,235
12600,4639,237
12600,4940,239
12600,5240,243
12600,5540,244
12600,5842,246
12600,6142,245
12600,6442,247
12600,6743,248
12600,7043,247
12600,7343,250
12600,7644,250
12600,7945,249
12600,8246,250
12600,8546,251
12600,8846,249
12600,9146,250
12600,9447,248
12600,9747,248
12600,10049,246
12600,10350,246
12600,10650,244
12600,10951,241
12600,11251,240
12600,11551,241
12751,11700,239
12900,11548,240
12900,11246,241
12900,10946,244
12900,10646,246
12900,10346,248
12900,10045,249
12900,9745,248
12900,9445,249
12900,9143,251
12900,8843,250
12900,8542,250
12900,8242,249
12900,7942,250
12900,7642,250
12900,7341,248
12900,7040,247
12900,6739,245
12900,6439,244
12900,6139,243
12900,5838,243
12900,5538,242
12900,5238,241
12900,4936,236
12900,4636,234
12900,4336,233
12900,4035,232
12900,3735,227
12900,3435,224
12900,3134,224
12900,2833,221
12900,2533,222
12900,2232,216
12900,1932,218
12900,1632,222
12900,1331,222
12900,1031,226
12900,730,227
12900,429,230
12900,129,229
13071,0,229
13200,172,229
13200,472,230
13200,772,228
13200,1074,225
13200,1375,222
13200,1676,221
13200,1976,221
13200,2276,220
13200,2577,223
13200,2877,225
13200,3177,228
13200,3479,229
13200,3779,231
13200,4079,234
13200,4380,235
13200,4680,235
13200,4980,240
13200,5281,241
13200,5582,243
13200,5882,242
13200,6183,244
13200,6483,245
13200,6783,245
13200,7084,247
13200,7384,249
13200,7686,250
13200,7986,249
13200,8286,250
13200,8586,251
13200,8887,251
13200,9187,249
13200,9487,249
13200,9789,247
13200,10089,247
13200,10390,245
13200,10690,243
13200,10990,242
13200,11290,241
13200,11591,240