0,293,281
0,594,276
0,894,264
0,1196,267
0,1496,247
0,1796,225
0,2096,217
0,2397,225
0,2697,241
0,2997,252
0,3299,257
0,3599,268
0,3900,274
0,4200,278
0,4500,292
0,4800,299
0,5101,309
0,5402,305
0,5703,295
0,6003,291
0,6303,294
0,6604,292
0,6904,275
0,7204,267
0,7506,270
0,7806,276
0,8106,277
0,8407,292
0,8707,307
0,9007,314
0,9308,327
0,9609,331
0,9909,330
0,10210,317
0,10510,288
0,10810,252
0,11111,229
0,11411,216
12,11700,211
300,11687,216
300,11387,229
300,11087,255
300,10786,291
300,10486,321
300,10186,332
300,9884,332
300,9584,332
300,9283,314
300,8983,302
300,8683,294
300,8383,278
300,8082,276
300,7781,271
300,7479,270
300,7179,276
300,6879,292
300,6578,294
300,6278,296
300,5978,298
300,5677,305
300,5376,309
300,5075,303
300,4775,293
300,4475,282
300,4175,278
300,3874,271
300,3574,261
300,3272,252
300,2972,238
300,2672,229
300,2371,220
300,2071,227
300,1771,247
300,1471,266
300,1169,266
300,869,279
300,568,283
300,268,288
332,0,296
600,33,288
600,333,278
600,634,278
600,935,264
600,1235,257
600,1535,244
600,1836,238
600,2136,227
600,2436,238
600,2738,236
600,3038,248
600,3338,261
600,3639,270
600,3939,274
600,4239,278
600,4540,283
600,4841,283
600,5141,282
600,5442,269
600,5742,266
600,6042,276
600,6343,262
600,6643,261
600,6945,260
600,7246,253
600,7546,244
600,7847,247
600,8147,256
600,8447,266
600,8748,270
600,9048,292
600,9349,312
600,9650,316
600,9950,314
600,10250,307
600,10551,284
600,10851,263
600,11151,246
600,11453,234
653,11700,241
900,11647,257
900,11346,265
900,11046,272
900,10746,277
900,10445,287
900,10144,292
900,9843,293
900,9543,296
900,9243,286
900,8943,262
900,8642,246
900,8342,243
900,8040,240
900,7740,234
900,7440,243
900,7139,245
900,6839,245
900,6539,245
900,6239,247
900,5937,238
900,5637,227
900,5336,236
900,5036,250
900,4736,257
900,4435,272
900,4135,273
900,3834,272
900,3533,270
900,3233,248
900,2933,245
900,2632,243
900,2332,234
900,2032,238
900,1730,251
900,1430,266
900,1130,269
900,829,266
900,529,281
900,229,295
971,0,298
1200,73,301
1200,375,293
1200,675,287
1200,975,285
1200,1276,268
1200,1576,254
1200,1876,256
1200,2177,250
1200,2478,248
1200,2778,253
1200,3079,268
1200,3379,274
1200,3679,276
1200,3980,271
1200,4280,254
1200,4582,247
1200,4882,223
1200,5182,204
1200,5482,212
1200,5783,217
1200,6083,230
1200,6383,242
1200,6685,238
1200,6985,224
1200,7286,227
1200,7586,233
1200,7886,236
1200,8186,243
1200,8487,260
1200,8788,273
1200,9089,277
1200,9389,273
1200,9689,262
1200,9990,258
1200,10290,258
1200,10590,272
1200,10892,283
1200,11192,284
1200,11492,278
1292,11700,289
1500,11607,289
1500,11307,286
1500,11006,276
1500,10705,257
1500,10405,247
1500,10104,251
1500,9804,255
1500,9504,270
1500,9203,285
1500,8903,283
1500,8602,270
1500,8300,252
1500,8000,237
1500,7699,229
1500,7399,220
1500,7099,226
1500,6798,239
1500,6498,247
1500,6197,227
1500,5896,203
1500,5596,212
1500,5296,204
1500,4995,213
1500,4695,242
1500,4395,269
1500,4093,278
1500,3793,284
1500,3493,286
1500,3192,276
1500,2892,267
1500,2592,265
1500,2291,266
1500,1990,261
1500,1690,255
1500,1389,270
1500,1089,288
1500,789,296
1500,488,302
1500,188,304
1613,0,301
1800,114,299
1800,414,297
1800,714,290
1800,1015,271
1800,1315,274
1800,1615,272
1800,1917,269
1800,2217,278
1800,2518,286
1800,2818,293
1800,3118,309
1800,3418,310
1800,3719,296
1800,4020,285
1800,4321,280
1800,4621,243
1800,4921,222
1800,5222,217
1800,5522,212
1800,5822,223
1800,6124,238
1800,6424,243
1800,6724,241
1800,7025,251
1800,7325,247
1800,7625,255
1800,7926,272
1800,8227,283
1800,8529,301
1800,8829,301
1800,9129,282
1800,9430,252
1800,9730,245
1800,10030,256
1800,10330,252
1800,10632,255
1800,10932,278
1800,11233,297
1800,11533,319
1933,11700,342
2100,11566,329
2100,11266,303
2100,10965,271
2100,10664,256
2100,10364,265
2100,10064,261
2100,9763,252
2100,9463,272
2100,9163,304
2100,8861,315
2100,8561,311
2100,8261,297
2100,7960,289
2100,7660,276
2100,7360,274
2100,7059,262
2100,6758,255
2100,6458,248
2100,6157,247
2100,5857,243
2100,5557,237
2100,5256,250
2100,4956,261
2100,4654,274
2100,4354,286
2100,4054,304
2100,3754,323
2100,3453,332
2100,3153,319
2100,2853,305
2100,2551,308
2100,2251,290
2100,1950,277
2100,1650,284
2100,1350,283
2100,1050,285
2100,749,277
2100,448,260
2100,146,265
2254,0,244
2400,154,254
2400,455,255
2400,755,274
2400,1055,296
2400,1356,296
2400,1657,305
2400,1958,307
2400,2258,315
2400,2558,320
2400,2858,332
2400,3159,344
2400,3459,345
2400,3761,336
2400,4061,319
2400,4361,302
2400,4662,300
2400,4962,296
2400,5262,281
2400,5562,268
2400,5864,276
2400,6164,289
2400,6465,286
2400,6765,287
2400,7065,297
2400,7366,305
2400,7666,312
2400,7967,320
2400,8268,327
2400,8568,329
2400,8868,327
2400,9169,308
2400,9469,285
2400,9769,270
2400,10071,270
2400,10371,273
2400,10671,292
2400,10972,322
2400,11272,342
2400,11572,353
2572,11700,353
2700,11526,349
2700,11226,339
2700,10925,317
2700,10625,301
2700,10325,287
2700,10024,295
2700,9724,311
2700,9422,324
2700,9122,335
2700,8822,336
2700,8522,339
2700,8221,338
2700,7921,332
2700,7621,328
2700,7319,323
2700,7018,315
2700,6717,309
2700,6417,316
2700,6117,311
2700,5816,310
2700,5516,316
2700,5216,320
2700,4914,321
2700,4614,324
2700,4314,339
2700,4013,350
2700,3713,354
2700,3413,358
2700,3112,356
2700,2811,345
2700,2510,334
2700,2210,333
2700,1910,329
2700,1610,321
2700,1309,305
2700,1009,288
2700,707,262
2700,407,272
2700,107,252
2893,0,273
3000,194,273
3000,494,286
3000,794,301
3000,1096,319
3000,1396,337
3000,1697,345
3000,1997,354
3000,2297,357
3000,2598,359
3000,2898,362
3000,3199,364
3000,3500,360
3000,3800,359
3000,4100,354
3000,4401,348
3000,4701,343
3000,5001,348
3000,5303,349
3000,5603,347
3000,5903,343
3000,6204,341
3000,6504,344
3000,6804,344
3000,7105,346
3000,7406,351
3000,7708,350
3000,8008,352
3000,8308,352
3000,8609,348
3000,8909,345
3000,9209,342
3000,9510,338
3000,9811,333
3000,10111,325
3000,10412,328
3000,10712,332
3000,11012,338
3000,11313,341
3000,11613,342
3214,11700,336
3300,11485,336
3300,11185,335
3300,10885,333
3300,10584,334
3300,10284,336
3300,9984,341
3300,9682,347
3300,9382,350
3300,9082,354
3300,8781,353
3300,8481,359
3300,8181,360
3300,7880,361
3300,7579,358
3300,7278,357
3300,6978,358
3300,6678,354
3300,6378,359
3300,6077,361
3300,5777,363
3300,5475,361
3300,5175,363
3300,4875,358
3300,4574,358
3300,4274,360
3300,3974,363
3300,3674,366
3300,3372,367
3300,3072,368
3300,2771,365
3300,2471,363
3300,2171,349
3300,1870,324
3300,1570,318
3300,1269,314
3300,968,306
3300,668,299
3300,368,301
3300,67,308
3533,0,324
3600,233,319
3600,535,319
3600,836,308
3600,1137,282
3600,1437,249
3600,1737,249
3600,2038,290
3600,2338,344
3600,2638,363
3600,2940,369
3600,3240,368
3600,3540,367
3600,3841,365
3600,4141,366
3600,4441,368
3600,4742,370
3600,5043,370
3600,5343,371
3600,5644,369
3600,5944,368
3600,6244,365
3600,6545,367
3600,6845,365
3600,7146,368
3600,7447,368
3600,7747,365
3600,8047,362
3600,8348,360
3600,8648,355
3600,8948,354
3600,9250,353
3600,9550,348
3600,9850,342
3600,10151,335
3600,10451,328
3600,10751,323
3600,11052,325
3600,11353,329
3600,11654,327
3854,11700,319
3900,11446,315
3900,11146,314
3900,10845,315
3900,10545,324
3900,10243,332
3900,9943,340
3900,9643,347
3900,9342,354
3900,9042,354
3900,8742,357
3900,8442,361
3900,8140,363
3900,7838,365
3900,7538,368
3900,7238,369
3900,6938,369
3900,6637,370
3900,6337,370
3900,6037,371
3900,5735,372
3900,5435,372
3900,5134,370
3900,4834,370
3900,4534,371
3900,4234,368
3900,3933,366
3900,3632,370
3900,3331,366
3900,3031,365
3900,2731,342
3900,2430,261
3900,2130,217
3900,1830,223
3900,1528,239
3900,1228,270
3900,928,311
3900,627,333
3900,327,336
3900,27,341
4173,0,345
4200,275,345
4200,575,332
4200,876,296
4200,1176,241
4200,1476,227
4200,1777,225
4200,2077,207
4200,2378,256
4200,2679,340
4200,2979,363
4200,3279,366
4200,3580,363
4200,3880,367
4200,4180,368
4200,4482,369
4200,4782,372
4200,5082,373
4200,5383,370
4200,5683,369
4200,5983,371
4200,6284,370
4200,6585,368
4200,6886,369
4200,7186,367
4200,7486,363
4200,7786,357
4200,8087,359
4200,8387,357
4200,8689,355
4200,8990,350
4200,9290,345
4200,9591,339
4200,9891,327
4200,10191,319
4200,10492,305
4200,10792,299
4200,11094,296
4200,11394,297
4200,11694,294
4494,11700,278
4500,11405,281
4500,11105,285
4500,10805,293
4500,10503,301
4500,10203,314
4500,9902,326
4500,9602,342
4500,9302,346
4500,9002,350
4500,8701,350
4500,8400,351
4500,8099,347
4500,7799,351
4500,7499,358
4500,7198,363
4500,6898,365
4500,6598,368
4500,6296,366
4500,5996,368
4500,5696,368
4500,5395,368
4500,5095,369
4500,4795,367
4500,4494,366
4500,4193,366
4500,3893,363
4500,3592,360
4500,3292,358
4500,2992,331
4500,2691,265
4500,2391,216
4500,2090,218
4500,1789,212
4500,1489,235
4500,1189,301
4500,888,341
4500,588,345
4500,288,350
4514,0,351
4800,15,348
4800,316,346
4800,616,341
4800,916,327
4800,1217,292
4800,1517,239
4800,1817,224
4800,2119,238
4800,2419,257
4800,2719,290
4800,3020,329
4800,3320,350
4800,3620,356
4800,3921,358
4800,4222,360
4800,4522,362
4800,4823,359
4800,5123,357
4800,5423,360
4800,5724,357
4800,6024,359
4800,6326,360
4800,6626,360
4800,6926,354
4800,7226,336
4800,7527,323
4800,7827,325
4800,8127,330
4800,8429,332
4800,8729,336
4800,9030,337
4800,9330,330
4800,9630,315
4800,9930,298
4800,10231,283
4800,10532,272
4800,10833,265
4800,11133,258
4800,11433,255
4833,11700,248
5100,11666,241
5100,11366,243
5100,11064,249
5100,10764,252
5100,10464,257
5100,10163,271
5100,9863,294
5100,9563,313
5100,9262,322
5100,8961,324
5100,8661,316
5100,8360,307
5100,8060,297
5100,7760,287
5100,7459,298
5100,7159,333
5100,6858,350
5100,6556,350
5100,6256,345
5100,5955,342
5100,5655,341
5100,5355,343
5100,5054,344
5100,4754,343
5100,4453,346
5100,4152,347
5100,3852,344
5100,3552,328
5100,3251,294
5100,2951,269
5100,2651,268
5100,2349,261
5100,2049,252
5100,1749,276
5100,1448,311
5100,1148,318
5100,848,327
5100,547,332
5100,246,345
5154,0,343
5400,55,334
5400,355,319
5400,655,304
5400,956,303
5400,1256,296
5400,1558,283
5400,1858,259
5400,2158,259
5400,2458,266
5400,2759,265
5400,3059,269
5400,3359,292
5400,3661,314
5400,3961,322
5400,4262,323
5400,4562,320
5400,4862,319
5400,5162,319
5400,5463,314
5400,5764,316
5400,6065,316
5400,6365,323
5400,6665,324
5400,6966,281
5400,7266,246
5400,7566,246
5400,7868,257
5400,8169,274
5400,8470,287
5400,8770,280
5400,9070,265
5400,9370,254
5400,9671,243
5400,9971,238
5400,10273,218
5400,10573,211
5400,10873,224
5400,11174,229
5400,11474,230
5474,11700,222
5700,11626,221
5700,11324,217
5700,11024,204
5700,10723,198
5700,10423,207
5700,10123,221
5700,9822,226
5700,9522,221
5700,9221,215
5700,8920,218
5700,8620,237
5700,8320,239
5700,8019,225
5700,7719,229
5700,7419,229
5700,7117,252
5700,6817,302
5700,6517,296
5700,6216,286
5700,5916,292
5700,5616,303
5700,5315,306
5700,5014,304
5700,4714,301
5700,4413,298
5700,4113,292
5700,3813,278
5700,3512,259
5700,3212,260
5700,2910,261
5700,2610,252
5700,2310,250
5700,2010,264
5700,1709,275
5700,1409,274
5700,1109,278
5700,807,294
5700,507,318
5700,206,333
5794,0,334
6000,94,322
6000,394,303
6000,695,275
6000,996,255
6000,1298,239
6000,1598,238
6000,1898,239
6000,2199,239
6000,2499,242
6000,2799,243
6000,3100,248
6000,3401,238
6000,3702,252
6000,4002,270
6000,4302,274
6000,4602,279
6000,4903,288
6000,5203,295
6000,5505,287
6000,5805,271
6000,6105,291
6000,6406,287
6000,6706,260
6000,7006,229
6000,7306,232
6000,7608,211
6000,7908,203
6000,8209,203
6000,8509,189
6000,8809,184
6000,9110,191
6000,9410,203
6000,9711,213
6000,10012,201
6000,10312,199
6000,10612,204
6000,10913,203
6000,11213,207
6000,11513,207
6115,11700,203
6300,11585,199
6300,11285,202
6300,10984,198
6300,10684,200
6300,10384,211
6300,10083,211
6300,9782,203
6300,9482,190
6300,9181,176
6300,8881,176
6300,8581,203
6300,8280,212
6300,7980,201
6300,7678,207
6300,7377,231
6300,7077,244
6300,6776,268
6300,6476,283
6300,6176,272
6300,5875,278
6300,5575,287
6300,5274,278
6300,4973,259
6300,4673,245
6300,4373,249
6300,4072,247
6300,3772,231
6300,3472,227
6300,3170,225
6300,2870,229
6300,2570,229
6300,2269,214
6300,1969,215
6300,1669,207
6300,1368,218
6300,1067,251
6300,766,280
6300,466,302
6300,166,317
6434,0,320
6600,135,304
6600,435,281
6600,737,254
6600,1037,215
6600,1337,189
6600,1638,194
6600,1938,196
6600,2238,207
6600,2538,224
6600,2840,226
6600,3140,222
6600,3441,228
6600,3741,227
6600,4041,227
6600,4342,229
6600,4642,236
6600,4943,255
6600,5244,278
6600,5544,298
6600,5844,292
6600,6145,283
6600,6445,294
6600,6745,284
6600,7047,254
6600,7347,216
6600,7647,206
6600,7948,220
6600,8248,208
6600,8548,182
6600,8849,180
6600,9150,200
6600,9452,210
6600,9752,225
6600,10052,221
6600,10353,201
6600,10653,182
6600,10953,180
6600,11254,194
6600,11555,194
6755,11700,198
6900,11544,195
6900,11244,178
6900,10944,173
6900,10643,187
6900,10343,207
6900,10042,229
6900,9741,229
6900,9441,232
6900,9141,228
6900,8840,221
6900,8540,232
6900,8240,230
6900,7938,252
6900,7638,240
6900,7338,266
6900,7037,304
6900,6737,320
6900,6437,323
6900,6136,319
6900,5835,313
6900,5534,294
6900,5234,266
6900,4934,242
6900,4634,227
6900,4333,217
6900,4033,221
6900,3731,225
6900,3431,227
6900,3131,232
6900,2830,223
6900,2530,203
6900,2230,194
6900,1930,187
6900,1628,185
6900,1328,198
6900,1027,229
6900,727,253
6900,427,259
6900,126,298
7074,0,270
7200,175,255
7200,477,217
7200,777,204
7200,1078,173
7200,1378,149
7200,1678,173
7200,1978,185
7200,2279,195
7200,2580,209
7200,2881,228
7200,3181,235
7200,3481,238
7200,3782,236
7200,4082,226
7200,4382,229
7200,4684,233
7200,4984,263
7200,5284,296
7200,5585,322
7200,5885,333
7200,6185,338
7200,6486,341
7200,6787,333
7200,7087,317
7200,7388,287
7200,7688,260
7200,7988,261
7200,8289,274
7200,8589,270
7200,8890,253
7200,9191,247
7200,9491,247
7200,9791,244
7200,10092,219
7200,10392,193
7200,10692,179
7200,10994,183
7200,11294,196
7200,11594,214
7395,11700,229
7500,11505,216
7500,11205,198
7500,10904,195
7500,10603,220
7500,10302,235
7500,10002,256
7500,9702,270
7500,9402,266
7500,9101,268
7500,8801,283
7500,8499,297
7500,8199,304
7500,7899,310
7500,7598,328
7500,7298,339
7500,6998,349
7500,6698,353
7500,6396,350
7500,6094,345
7500,5794,332
7500,5494,299
7500,5194,304
7500,4893,269
7500,4593,261
7500,4293,243
7500,3991,246
7500,3691,245
7500,3390,238
7500,3090,226
7500,2790,225
7500,2490,199
7500,2189,193
7500,1888,173
7500,1587,154
7500,1287,167
7500,987,217
7500,686,203
7500,386,242
7500,86,274
7715,0,305
7800,216,267
7800,516,240
7800,817,219
7800,1117,195
7800,1417,183
7800,1718,182
7800,2019,195
7800,2319,203
7800,2620,221
7800,2920,236
7800,3220,267
7800,3521,268
7800,3821,273
7800,4122,290
7800,4423,310
7800,4723,312
7800,5023,306
7800,5324,329
7800,5624,358
7800,5924,363
7800,6226,366
7800,6526,372
7800,6826,368
7800,7127,363
7800,7427,358
7800,7727,348
7800,8028,337
7800,8329,321
7800,8631,311
7800,8931,305
7800,9231,307
7800,9532,305
7800,9832,295
7800,10132,276
7800,10433,247
7800,10734,237
7800,11034,249
7800,11335,260
7800,11635,273
8035,11700,309
8100,11464,315
8100,11164,311
8100,10862,303
8100,10562,301
8100,10262,309
8100,9962,316
8100,9661,323
8100,9361,332
8100,9061,333
8100,8759,336
8100,8459,347
8100,8158,354
8100,7858,366
8100,7558,369
8100,7258,374
8100,6957,376
8100,6656,376
8100,6355,376
8100,6055,372
8100,5755,367
8100,5454,361
8100,5154,350
8100,4854,348
8100,4552,339
8100,4252,327
8100,3952,313
8100,3651,305
8100,3351,292
8100,3051,261
8100,2750,255
8100,2449,219
8100,2149,230
8100,1848,203
8100,1548,223
8100,1248,232
8100,947,247
8100,647,288
8100,346,317
8100,45,333
8355,0,339
8400,255,332
8400,556,317
8400,856,287
8400,1156,256
8400,1458,252
8400,1759,270
8400,2060,268
8400,2360,274
8400,2660,295
8400,2961,319
8400,3261,339
8400,3561,345
8400,3863,353
8400,4163,359
8400,4463,362
8400,4764,366
8400,5064,372
8400,5364,374
8400,5665,377
8400,5966,380
8400,6266,382
8400,6567,381
8400,6867,381
8400,7167,376
8400,7468,375
8400,7768,372
8400,8070,368
8400,8370,359
8400,8670,354
8400,8970,351
8400,9271,346
8400,9571,340
8400,9871,339
8400,10173,340
8400,10473,349
8400,10774,356
8400,11074,358
8400,11374,358
8400,11674,361
8675,11700,366
8700,11424,366
8700,11123,367
8700,10823,365
8700,10523,363
8700,10222,359
8700,9922,357
8700,9622,357
8700,9320,358
8700,9020,362
8700,8720,366
8700,8419,371
8700,8119,375
8700,7819,379
8700,7518,379
8700,7217,381
8700,6915,381
8700,6615,385
8700,6315,380
8700,6014,380
8700,5714,378
8700,5414,379
8700,5114,376
8700,4812,372
8700,4512,370
8700,4211,368
8700,3911,366
8700,3611,362
8700,3310,354
8700,3010,345
8700,2709,330
8700,2408,326
8700,2108,326
8700,1808,327
8700,1507,322
8700,1207,328
8700,907,336
8700,605,340
8700,305,343
8700,5,350
8995,0,350
9000,296,350
9000,596,350
9000,897,349
9000,1198,351
9000,1498,352
9000,1799,354
9000,2099,354
9000,2399,359
9000,2700,363
9000,3000,368
9000,3302,368
9000,3602,371
9000,3902,371
9000,4202,373
9000,4503,378
9000,4803,380
9000,5103,378
9000,5405,380
9000,5705,382
9000,6006,384
9000,6306,380
9000,6606,382
9000,6906,379
9000,7207,379
9000,7508,376
9000,7809,374
9000,8109,374
9000,8409,372
9000,8710,372
9000,9010,369
9000,9310,372
9000,9612,372
9000,9913,372
9000,10214,366
9000,10514,363
9000,10814,363
9000,11114,365
9000,11415,364
9015,11700,367
9300,11683,359
9300,11383,352
9300,11083,351
9300,10782,354
9300,10482,365
9300,10182,368
9300,9882,370
9300,9580,372
9300,9280,371
9300,8979,369
9300,8679,369
9300,8379,372
9300,8078,372
9300,7778,374
9300,7477,376
9300,7176,377
9300,6876,379
9300,6576,379
9300,6275,381
9300,5975,379
9300,5675,377
9300,5373,379
9300,5073,376
9300,4773,379
9300,4472,376
9300,4172,373
9300,3872,371
9300,3571,374
9300,3270,368
9300,2970,369
9300,2669,366
9300,2369,366
9300,2069,360
9300,1768,360
9300,1468,363
9300,1166,359
9300,866,355
9300,566,357
9300,266,353
9335,0,355
9600,35,355
9600,335,359
9600,637,359
9600,938,364
9600,1239,366
9600,1539,363
9600,1839,360
9600,2140,362
9600,2440,367
9600,2740,368
9600,3042,370
9600,3342,369
9600,3642,370
9600,3943,372
9600,4243,372
9600,4543,372
9600,4844,371
9600,5145,374
9600,5446,374
9600,5746,375
9600,6046,372
9600,6346,376
9600,6647,373
9600,6947,370
9600,7249,369
9600,7549,369
9600,7849,364
9600,8150,364
9600,8450,360
9600,8750,359
9600,9050,357
9600,9352,363
9600,9652,361
9600,9953,358
9600,10253,354
9600,10553,341
9600,10854,328
9600,11154,325
9600,11455,330
9655,11700,328
9900,11644,314
9900,11344,314
9900,11043,323
9900,10743,330
9900,10443,343
9900,10141,351
9900,9841,353
9900,9541,350
9900,9240,349
9900,8940,349
9900,8640,349
9900,8339,354
9900,8038,359
9900,7738,362
9900,7437,362
9900,7137,367
9900,6837,367
9900,6536,370
9900,6236,370
9900,5934,367
9900,5633,366
9900,5333,368
9900,5032,368
9900,4732,368
9900,4432,369
9900,4131,369
9900,3831,368
9900,3530,367
9900,3229,364
9900,2929,361
9900,2629,360
9900,2328,356
9900,2028,357
9900,1728,360
9900,1426,363
9900,1126,365
9900,826,365
9900,525,362
9900,225,356
9975,0,354
10200,76,350
10200,377,355
10200,678,363
10200,978,364
10200,1278,361
10200,1579,356
10200,1879,350
10200,2179,344
10200,2481,345
10200,2781,347
10200,3081,354
10200,3382,361
10200,3682,363
10200,3982,363
10200,4282,363
10200,4584,362
10200,4884,359
10200,5185,358
10200,5485,354
10200,5785,354
10200,6086,353
10200,6386,353
10200,6687,350
10200,6988,350
10200,7288,344
10200,7588,343
10200,7889,339
10200,8189,336
10200,8489,333
10200,8791,328
10200,9092,330
10200,9393,331
10200,9693,337
10200,9993,336
10200,10294,319
10200,10594,312
10200,10894,310
10200,11196,307
10200,11496,295
10296,11700,269
10500,11603,278
10500,11303,290
10500,11003,297
10500,10702,299
10500,10401,315
10500,10101,325
10500,9800,320
10500,9500,314
10500,9200,312
10500,8899,314
10500,8599,315
10500,8298,318
10500,7997,323
10500,7697,323
10500,7397,326
10500,7096,329
10500,6796,333
10500,6496,336
10500,6194,335
10500,5894,341
10500,5594,345
10500,5293,349
10500,4993,350
10500,4693,354
10500,4392,354
10500,4091,359
10500,3790,354
10500,3490,348
10500,3190,336
10500,2890,327
10500,2589,332
10500,2289,341
10500,1987,346
10500,1687,354
10500,1387,357
10500,1086,358
10500,786,350
10500,486,341
10500,186,328
10616,0,315
10800,116,315
10800,417,329
10800,717,345
10800,1017,354
10800,1318,350
10800,1618,343
10800,1919,340
10800,2221,332
10800,2521,322
10800,2822,312
10800,3122,317
10800,3422,336
10800,3722,345
10800,4023,345
10800,4324,347
10800,4625,344
10800,4925,339
10800,5225,334
10800,5526,323
10800,5826,314
10800,6126,310
10800,6428,307
10800,6728,304
10800,7028,302
10800,7329,305
10800,7629,301
10800,7929,295
10800,8230,291
10800,8531,289
10800,8831,289
10800,9132,291
10800,9432,288
10800,9732,299
10800,10033,304
10800,10333,294
10800,10634,280
10800,10935,272
10800,11235,258
10800,11535,224
10935,11700,207
11100,11564,225
11100,11264,250
11100,10962,265
11100,10662,273
11100,10362,281
11100,10061,279
11100,9761,262
11100,9461,256
11100,9160,260
11100,8859,257
11100,8558,262
11100,8258,271
11100,7958,276
11100,7658,279
11100,7357,283
11100,7057,283
11100,6755,284
11100,6454,274
11100,6154,270
11100,5853,296
11100,5553,318
11100,5253,324
11100,4952,335
11100,4652,340
11100,4350,344
11100,4050,337
11100,3750,319
11100,3450,294
11100,3149,293
11100,2849,306
11100,2549,323
11100,2247,332
11100,1947,338
11100,1646,345
11100,1346,354
11100,1046,339
11100,746,314
11100,445,305
11100,144,292
11256,0,283
11400,157,290
11400,457,292
11400,758,327
11400,1058,357
11400,1358,349
11400,1660,336
11400,1960,322
11400,2260,307
11400,2561,287
11400,2861,266
11400,3161,234
11400,3462,242
11400,3763,296
11400,4063,329
11400,4364,328
11400,4664,313
11400,4964,294
11400,5265,284
11400,5565,261
11400,5866,250
11400,6167,248
11400,6467,241
11400,6767,252
11400,7068,221
11400,7368,220
11400,7668,227
11400,7970,231
11400,8270,226
11400,8570,205
11400,8871,185
11400,9171,195
11400,9471,221
11400,9772,234
11400,10073,234
11400,10375,225
11400,10675,229
11400,10975,229
11400,11276,226
11400,11576,214
11576,11700,214
11700,11523,231
11700,11222,218
11700,10922,212
11700,10621,196
11700,10321,216
11700,10021,221
11700,9720,197
11700,9420,178
11700,9118,159
11700,8818,168
11700,8518,209
11700,8218,212
11700,7917,211
11700,7617,165
11700,7317,172
11700,7015,193
11700,6715,225
11700,6414,225
11700,6114,223
11700,5814,228
11700,5514,243
11700,5213,274
11700,4912,290
11700,4611,312
11700,4311,317
11700,4011,270
11700,3710,236
11700,3410,212
11700,3110,219
11700,2808,234
11700,2508,278
11700,2208,310
11700,1907,335
11700,1607,354
11700,1307,359
11700,1006,336
11700,705,286
11700,405,279
11700,104,279
11896,0,278
12000,196,283
12000,497,298
12000,797,342
12000,1098,362
12000,1400,356
12000,1700,341
12000,2001,315
12000,2301,261
12000,2601,243
12000,2902,204
12000,3202,183
12000,3503,194
12000,3804,251
12000,4104,302
12000,4404,302
12000,4705,281
12000,5005,243
12000,5305,210
12000,5607,213
12000,5907,214
12000,6207,220
12000,6508,211
12000,6808,168
12000,7108,148
12000,7409,148
12000,7710,176
12000,8010,203
12000,8311,199
12000,8611,158
12000,8911,145
12000,9212,148
12000,9512,194
12000,9814,212
12000,10114,139
12000,10414,163
12000,10714,194
12000,11015,218
12000,11315,239
12000,11615,234
12217,11700,242
12300,11483,242
12300,11182,216
12300,10882,205
12300,10582,160
12300,10282,169
12300,9981,219
12300,9680,197
12300,9379,154
12300,9079,154
12300,8779,181
12300,8478,207
12300,8178,221
12300,7878,192
12300,7576,162
12300,7276,149
12300,6976,176
12300,6675,203
12300,6375,221
12300,6075,216
12300,5774,205
12300,5473,233
12300,5171,236
12300,4871,287
12300,4571,306
12300,4270,287
12300,3970,221
12300,3670,185
12300,3370,179
12300,3068,212
12300,2768,243
12300,2467,299
12300,2167,332
12300,1867,351
12300,1566,361
12300,1266,360
12300,965,338
12300,664,299
12300,364,275
12300,64,270
12536,0,255
12600,237,242
12600,537,261
12600,839,337
12600,1139,360
12600,1439,359
12600,1740,354
12600,2040,341
12600,2340,319
12600,2641,283
12600,2942,221
12600,3242,204
12600,3543,195
12600,3843,247
12600,4143,301
12600,4444,315
12600,4744,300
12600,5046,260
12600,5346,229
12600,5646,213
12600,5947,223
12600,6247,248
12600,6547,228
12600,6847,193
12600,7149,194
12600,7449,219
12600,7750,237
12600,8050,234
12600,8350,246
12600,8650,233
12600,8951,198
12600,9252,203
12600,9554,221
12600,9854,264
12600,10154,260
12600,10455,246
12600,10755,235
12600,11055,234
12600,11356,256
12600,11657,273
12857,11700,295
12900,11442,271
12900,11142,277
12900,10842,263
12900,10541,279
12900,10241,295
12900,9939,295
12900,9639,274
12900,9339,252
12900,9038,261
12900,8738,286
12900,8438,294
12900,8138,277
12900,7836,281
12900,7536,272
12900,7235,247
12900,6935,262
12900,6635,283
12900,6334,265
12900,6034,253
12900,5733,269
12900,5432,278
12900,5132,313
12900,4832,323
12900,4531,321
12900,4231,309
12900,3931,267
12900,3629,217
12900,3329,240
12900,3029,294
12900,2728,320
12900,2428,340
12900,2128,354
12900,1827,363
12900,1526,363
12900,1226,357
12900,925,257
12900,625,238
12900,325,206
12900,24,234
13176,0,252
13200,278,209
13200,578,271
13200,878,357
13200,1178,368
13200,1479,366
13200,1779,360
13200,2079,352
13200,2381,340
13200,2682,324
13200,2983,314
13200,3283,307
13200,3583,314
13200,3884,324
13200,4184,331
13200,4484,334
13200,4786,332
13200,5086,329
13200,5386,311
13200,5687,288
13200,5987,314
13200,6287,311
13200,6588,297
13200,6889,306
13200,7190,314
13200,7490,318
13200,7790,328
13200,8090,336
13200,8391,333
13200,8691,327
13200,8993,326
13200,9293,326
13200,9593,332
13200,9894,329
13200,10194,327
13200,10494,320
13200,10794,305
13200,11096,308
13200,11396,324
13200,11697,336
