0,11,227
0,311,226
0,612,228
0,913,229
0,1215,230
0,1515,232
0,1815,231
0,2116,231
0,2416,231
0,2716,229
0,3017,232
0,3318,231
0,3619,230
0,3919,232
0,4219,233
0,4519,233
0,4820,233
0,5120,234
0,5422,234
0,5722,235
0,6022,235
0,6323,237
0,6623,235
0,6923,233
0,7223,235
0,7525,237
0,7825,234
0,8126,233
0,8426,233
0,8726,232
0,9027,232
0,9327,231
0,9628,229
0,9929,227
0,10229,226
0,10529,226
0,10830,224
0,11130,226
0,11430,225
32,11700,226
300,11668,224
300,11368,225
300,11067,226
300,10767,225
300,10467,226
300,10166,228
300,9865,228
300,9564,230
300,9264,231
300,8964,232
300,8664,233
300,8363,232
300,8063,235
300,7761,236
300,7461,235
300,7161,236
300,6860,235
300,6560,235
300,6260,235
300,5960,234
300,5658,233
300,5356,235
300,5056,233
300,4756,232
300,4456,233
300,4155,232
300,3855,232
300,3555,230
300,3253,232
300,2953,232
300,2652,233
300,2352,233
300,2052,233
300,1752,234
300,1451,232
300,1150,231
300,849,230
300,549,228
300,249,229
351,0,229
600,52,228
600,352,230
600,654,231
600,954,235
600,1254,234
600,1555,236
600,1855,235
600,2155,237
600,2456,236
600,2757,235
600,3057,233
600,3358,232
600,3658,231
600,3958,231
600,4259,229
600,4559,229
600,4860,229
600,5161,230
600,5461,232
600,5761,235
600,6062,234
600,6362,234
600,6662,234
600,6964,234
600,7264,233
600,7564,235
600,7865,234
600,8165,232
600,8465,232
600,8766,232
600,9067,229
600,9369,229
600,9669,225
600,9969,226
600,10270,223
600,10570,224
600,10870,226
600,11171,225
600,11472,225
672,11700,226
900,11627,225
900,11327,228
900,11027,226
900,10726,225
900,10426,225
900,10124,226
900,9824,228
900,9524,229
900,9224,230
900,8923,231
900,8623,232
900,8323,233
900,8021,233
900,7721,232
900,7420,229
900,7120,231
900,6820,232
900,6520,233
900,6219,233
900,5918,231
900,5617,222
900,5317,219
900,5017,224
900,4716,226
900,4416,226
900,4116,229
900,3814,232
900,3514,232
900,3214,233
900,2913,235
900,2613,237
900,2313,236
900,2012,238
900,1711,236
900,1411,235
900,1110,233
900,810,233
900,510,230
900,209,228
991,0,229
1200,93,230
1200,393,232
1200,693,234
1200,993,235
1200,1294,235
1200,1594,237
1200,1894,238
1200,2196,239
1200,2497,238
1200,2798,234
1200,3098,233
1200,3398,232
1200,3699,230
1200,3999,225
1200,4299,219
1200,4601,216
1200,4901,202
1200,5201,196
1200,5502,204
1200,5802,228
1200,6102,232
1200,6403,230
1200,6704,226
1200,7005,224
1200,7305,225
1200,7605,224
1200,7905,230
1200,8206,230
1200,8506,231
1200,8808,230
1200,9108,227
1200,9408,227
1200,9709,226
1200,10009,225
1200,10309,224
1200,10609,225
1200,10911,227
1200,11211,227
1200,11512,225
1312,11700,225
1500,11588,226
1500,11287,227
1500,10987,227
1500,10686,225
1500,10385,224
1500,10085,225
1500,9785,226
1500,9484,227
1500,9184,227
1500,8884,228
1500,8582,229
1500,8282,226
1500,7982,220
1500,7681,217
1500,7381,223
1500,7081,223
1500,6780,226
1500,6479,232
1500,6177,230
1500,5877,215
1500,5577,185
1500,5276,186
1500,4976,204
1500,4676,210
1500,4375,217
1500,4074,223
1500,3774,228
1500,3473,232
1500,3173,235
1500,2873,236
1500,2572,238
1500,2272,238
1500,1971,238
1500,1670,236
1500,1370,235
1500,1070,235
1500,769,233
1500,469,233
1500,169,231
1633,0,233
1800,133,233
1800,433,233
1800,734,235
1800,1034,237
1800,1334,238
1800,1635,239
1800,1936,238
1800,2237,237
1800,2537,236
1800,2837,234
1800,3137,229
1800,3438,227
1800,3738,222
1800,4040,214
1800,4340,209
1800,4640,204
1800,4941,200
1800,5241,203
1800,5541,219
1800,5841,230
1800,6143,231
1800,6443,230
1800,6744,223
1800,7044,217
1800,7344,214
1800,7645,220
1800,7945,221
1800,8246,224
1800,8547,226
1800,8847,226
1800,9147,226
1800,9448,227
1800,9748,226
1800,10048,226
1800,10350,226
1800,10651,228
1800,10952,228
1800,11252,225
1800,11552,226
1952,11700,226
2100,11547,227
2100,11247,227
2100,10945,229
2100,10645,226
2100,10345,227
2100,10044,228
2100,9744,226
2100,9444,226
2100,9143,225
2100,8842,227
2100,8542,224
2100,8241,220
2100,7941,217
2100,7641,218
2100,7340,222
2100,7040,226
2100,6739,231
2100,6438,234
2100,6138,231
2100,5838,224
2100,5537,210
2100,5237,192
2100,4937,191
2100,4635,203
2100,4335,210
2100,4035,218
2100,3734,223
2100,3434,223
2100,3134,228
2100,2833,234
2100,2532,236
2100,2231,237
2100,1931,238
2100,1631,240
2100,1331,237
2100,1030,236
2100,730,235
2100,428,234
2100,128,234
2272,0,237
2400,173,237
2400,473,238
2400,773,239
2400,1073,239
2400,1375,239
2400,1677,239
2400,1977,237
2400,2277,235
2400,2577,231
2400,2878,225
2400,3178,221
2400,3478,219
2400,3780,215
2400,4080,212
2400,4381,201
2400,4681,188
2400,4981,198
2400,5281,205
2400,5582,224
2400,5883,232
2400,6184,235
2400,6484,234
2400,6784,232
2400,7085,229
2400,7385,227
2400,7685,222
2400,7987,224
2400,8287,226
2400,8587,226
2400,8888,225
2400,9188,225
2400,9488,227
2400,9789,225
2400,10090,225
2400,10390,226
2400,10691,227
2400,10991,228
2400,11291,229
2400,11592,227
2592,11700,229
2700,11507,227
2700,11206,227
2700,10906,226
2700,10606,224
2700,10305,223
2700,10005,223
2700,9705,224
2700,9403,224
2700,9103,224
2700,8803,226
2700,8502,226
2700,8202,226
2700,7902,228
2700,7601,230
2700,7300,232
2700,6999,234
2700,6699,233
2700,6399,232
2700,6099,233
2700,5798,227
2700,5498,208
2700,5196,199
2700,4895,203
2700,4595,209
2700,4294,214
2700,3994,215
2700,3694,218
2700,3393,221
2700,3093,225
2700,2791,229
2700,2491,234
2700,2191,237
2700,1891,239
2700,1590,238
2700,1290,237
2700,990,239
2700,688,240
2700,388,240
2700,87,240
2913,0,240
3000,213,240
3000,513,242
3000,814,241
3000,1115,239
3000,1416,239
3000,1716,235
3000,2016,234
3000,2317,232
3000,2617,229
3000,2917,224
3000,3219,220
3000,3519,220
3000,3819,219
3000,4120,220
3000,4420,219
3000,4720,215
3000,5021,215
3000,5322,227
3000,5622,232
3000,5923,232
3000,6223,233
3000,6523,234
3000,6824,232
3000,7124,233
3000,7425,231
3000,7726,229
3000,8026,227
3000,8326,224
3000,8627,223
3000,8927,223
3000,9227,223
3000,9529,224
3000,9830,223
3000,10131,221
3000,10431,224
3000,10731,225
3000,11032,226
3000,11332,228
3000,11632,228
3234,11700,228
3300,11466,227
3300,11166,227
3300,10865,225
3300,10565,224
3300,10265,224
3300,9964,223
3300,9663,224
3300,9363,224
3300,9062,224
3300,8762,223
3300,8462,225
3300,8161,228
3300,7861,229
3300,7559,231
3300,7259,231
3300,6959,232
3300,6659,232
3300,6358,232
3300,6058,231
3300,5758,232
3300,5456,230
3300,5156,226
3300,4855,225
3300,4555,222
3300,4255,224
3300,3955,222
3300,3654,223
3300,3353,225
3300,3052,227
3300,2752,229
3300,2452,231
3300,2151,235
3300,1851,237
3300,1551,240
3300,1249,242
3300,949,243
3300,649,241
3300,348,242
3300,48,241
3552,0,242
3600,253,242
3600,554,243
3600,854,242
3600,1155,243
3600,1455,240
3600,1755,236
3600,2056,231
3600,2356,229
3600,2657,228
3600,2959,227
3600,3259,225
3600,3560,226
3600,3860,227
3600,4160,224
3600,4461,226
3600,4761,229
3600,5062,229
3600,5363,228
3600,5663,229
3600,5963,230
3600,6264,230
3600,6564,230
3600,6864,232
3600,7166,232
3600,7466,230
3600,7766,229
3600,8067,228
3600,8367,227
3600,8667,226
3600,8968,225
3600,9269,224
3600,9569,224
3600,9870,224
3600,10170,225
3600,10470,227
3600,10771,226
3600,11071,226
3600,11373,226
3600,11673,227
3873,11700,228
3900,11427,227
3900,11126,226
3900,10826,225
3900,10526,224
3900,10224,224
3900,9924,224
3900,9623,224
3900,9323,225
3900,9023,225
3900,8723,227
3900,8422,229
3900,8121,230
3900,7820,232
3900,7520,229
3900,7220,232
3900,6919,230
3900,6619,230
3900,6319,229
3900,6017,227
3900,5716,228
3900,5415,227
3900,5115,227
3900,4815,225
3900,4515,225
3900,4214,226
3900,3914,226
3900,3612,228
3900,3312,226
3900,3012,226
3900,2711,228
3900,2411,230
3900,2111,235
3900,1811,237
3900,1509,240
3900,1209,241
3900,908,243
3900,608,244
3900,308,243
3900,7,243
4193,0,244
4200,294,243
4200,595,241
4200,895,241
4200,1195,240
4200,1496,237
4200,1796,235
4200,2096,233
4200,2398,228
4200,2698,227
4200,2998,228
4200,3299,228
4200,3599,227
4200,3899,226
4200,4200,226
4200,4501,225
4200,4801,226
4200,5102,225
4200,5402,226
4200,5702,228
4200,6003,226
4200,6303,228
4200,6605,228
4200,6905,230
4200,7205,231
4200,7505,230
4200,7806,230
4200,8106,229
4200,8406,228
4200,8708,226
4200,9008,225
4200,9309,224
4200,9609,224
4200,9909,224
4200,10209,224
4200,10510,224
4200,10811,225
4200,11113,227
4200,11413,226
4213,11700,226
4500,11686,225
4500,11386,226
4500,11086,227
4500,10785,225
4500,10484,226
4500,10183,225
4500,9883,224
4500,9583,224
4500,9283,225
4500,8982,227
4500,8682,229
4500,8380,229
4500,8080,228
4500,7780,230
4500,7479,232
4500,7179,230
4500,6879,229
4500,6579,228
4500,6277,226
4500,5977,226
4500,5676,225
4500,5376,225
4500,5076,225
4500,4775,225
4500,4475,226
4500,4174,225
4500,3873,226
4500,3573,227
4500,3273,226
4500,2972,227
4500,2672,228
4500,2372,229
4500,2070,232
4500,1770,236
4500,1470,238
4500,1169,240
4500,869,240
4500,569,242
4500,268,242
4533,0,242
4800,33,241
4800,334,240
4800,634,240
4800,934,239
4800,1235,236
4800,1535,233
4800,1837,230
4800,2138,225
4800,2438,225
4800,2739,225
4800,3039,226
4800,3339,226
4800,3640,225
4800,3940,225
4800,4241,225
4800,4542,225
4800,4842,225
4800,5142,224
4800,5443,224
4800,5743,225
4800,6043,226
4800,6345,228
4800,6645,229
4800,6945,230
4800,7246,229
4800,7546,230
4800,7846,229
4800,8147,227
4800,8448,227
4800,8749,226
4800,9049,224
4800,9349,224
4800,9649,225
4800,9950,225
4800,10250,223
4800,10552,224
4800,10852,224
4800,11152,225
4800,11453,224
4853,11700,222
5100,11647,223
5100,11347,222
5100,11045,223
5100,10745,222
5100,10444,222
5100,10144,221
5100,9844,223
5100,9543,221
5100,9243,222
5100,8942,222
5100,8641,224
5100,8341,227
5100,8041,227
5100,7740,227
5100,7440,228
5100,7140,228
5100,6838,228
5100,6538,224
5100,6238,222
5100,5937,221
5100,5637,221
5100,5337,223
5100,5036,224
5100,4735,225
5100,4433,225
5100,4133,225
5100,3833,226
5100,3532,226
5100,3232,225
5100,2932,223
5100,2631,221
5100,2330,221
5100,2030,226
5100,1729,230
5100,1429,235
5100,1129,237
5100,828,239
5100,528,240
5100,227,242
5174,0,240
5400,74,238
5400,374,239
5400,675,236
5400,975,232
5400,1275,229
5400,1577,225
5400,1877,221
5400,2177,221
5400,2478,216
5400,2778,218
5400,3078,222
5400,3379,225
5400,3680,224
5400,3981,223
5400,4281,224
5400,4581,218
5400,4881,216
5400,5182,215
5400,5482,217
5400,5784,220
5400,6084,220
5400,6384,222
5400,6685,224
5400,6985,226
5400,7285,225
5400,7585,224
5400,7887,224
5400,8187,223
5400,8488,221
5400,8788,218
5400,9088,216
5400,9389,216
5400,9689,217
5400,9990,218
5400,10292,219
5400,10592,222
5400,10893,222
5400,11193,222
5400,11493,221
5493,11700,222
5700,11606,223
5700,11305,222
5700,11004,222
5700,10704,219
5700,10404,218
5700,10103,217
5700,9803,214
5700,9503,213
5700,9201,213
5700,8901,214
5700,8601,216
5700,8300,218
5700,8000,221
5700,7700,222
5700,7399,224
5700,7098,223
5700,6798,219
5700,6497,214
5700,6197,213
5700,5897,212
5700,5596,210
5700,5296,209
5700,4995,212
5700,4694,214
5700,4394,218
5700,4094,222
5700,3793,224
5700,3493,223
5700,3193,218
5700,2891,214
5700,2591,217
5700,2291,218
5700,1990,221
5700,1690,223
5700,1390,227
5700,1089,230
5700,788,235
5700,487,236
5700,187,236
5813,0,237
6000,113,236
6000,414,233
6000,714,228
6000,1016,225
6000,1316,220
6000,1616,220
6000,1917,220
6000,2217,217
6000,2517,215
6000,2817,217
6000,3119,218
6000,3421,222
6000,3721,222
6000,4021,218
6000,4321,215
6000,4622,211
6000,4922,205
6000,5222,204
6000,5524,206
6000,5824,206
6000,6125,211
6000,6425,215
6000,6725,218
6000,7025,220
6000,7326,219
6000,7627,218
6000,7928,216
6000,8228,212
6000,8528,209
6000,8829,210
6000,9129,211
6000,9429,211
6000,9731,212
6000,10031,214
6000,10331,218
6000,10632,220
6000,10932,221
6000,11232,221
6000,11533,222
6134,11700,222
6300,11566,220
6300,11265,223
6300,10965,220
6300,10665,217
6300,10364,216
6300,10064,212
6300,9763,210
6300,9462,210
6300,9162,210
6300,8862,210
6300,8561,210
6300,8261,212
6300,7961,217
6300,7659,217
6300,7359,218
6300,7059,217
6300,6758,211
6300,6458,209
6300,6158,205
6300,5857,205
6300,5556,204
6300,5254,203
6300,4954,207
6300,4654,214
6300,4353,220
6300,4053,220
6300,3753,220
6300,3452,219
6300,3151,216
6300,2851,216
6300,2550,219
6300,2250,219
6300,1950,218
6300,1649,217
6300,1349,221
6300,1047,225
6300,747,230
6300,447,233
6300,147,235
6454,0,234
6600,154,234
6600,454,231
6600,756,225
6600,1056,220
6600,1357,216
6600,1657,215
6600,1957,217
6600,2257,221
6600,2558,219
6600,2859,217
6600,3160,220
6600,3460,220
6600,3760,219
6600,4061,221
6600,4361,216
6600,4661,209
6600,4963,207
6600,5263,207
6600,5563,208
6600,5864,207
6600,6164,207
6600,6464,210
6600,6765,212
6600,7066,217
6600,7366,217
6600,7667,216
6600,7967,213
6600,8267,213
6600,8568,212
6600,8868,211
6600,9169,211
6600,9470,214
6600,9770,215
6600,10070,217
6600,10371,221
6600,10671,221
6600,10971,222
6600,11273,223
6600,11574,223
6774,11700,224
6900,11525,223
6900,11225,224
6900,10924,221
6900,10624,223
6900,10324,221
6900,10022,219
6900,9722,217
6900,9422,217
6900,9121,216
6900,8821,218
6900,8521,216
6900,8220,216
6900,7919,218
6900,7619,218
6900,7318,217
6900,7018,216
6900,6718,213
6900,6417,211
6900,6117,212
6900,5815,212
6900,5515,214
6900,5215,217
6900,4915,216
6900,4614,219
6900,4314,223
6900,4014,222
6900,3712,219
6900,3412,220
6900,3111,218
6900,2811,221
6900,2511,222
6900,2211,219
6900,1910,217
6900,1609,217
6900,1308,221
6900,1008,225
6900,708,229
6900,407,233
6900,107,235
7093,0,234
7200,195,233
7200,495,231
7200,795,225
7200,1096,222
7200,1396,222
7200,1696,223
7200,1997,222
7200,2298,222
7200,2600,224
7200,2900,221
7200,3200,221
7200,3501,222
7200,3801,225
7200,4101,225
7200,4401,224
7200,4703,222
7200,5003,223
7200,5304,220
7200,5604,217
7200,5904,216
7200,6205,216
7200,6505,216
7200,6806,221
7200,7107,222
7200,7407,221
7200,7707,223
7200,8008,222
7200,8308,222
7200,8608,223
7200,8910,222
7200,9210,223
7200,9510,223
7200,9811,223
7200,10111,223
7200,10411,225
7200,10712,223
7200,11013,226
7200,11313,226
7200,11614,225
7414,11700,227
7500,11486,227
7500,11185,228
7500,10885,225
7500,10583,226
7500,10283,225
7500,9983,226
7500,9683,226
7500,9382,225
7500,9082,227
7500,8782,227
7500,8480,228
7500,8180,227
7500,7879,227
7500,7579,225
7500,7279,224
7500,6979,220
7500,6678,221
7500,6377,219
7500,6076,220
7500,5776,223
7500,5476,224
7500,5175,226
7500,4875,227
7500,4575,228
7500,4273,228
7500,3972,228
7500,3671,228
7500,3371,226
7500,3071,226
7500,2771,226
7500,2470,227
7500,2170,224
7500,1868,226
7500,1568,226
7500,1268,227
7500,967,230
7500,667,234
7500,367,233
7500,67,233
7735,0,233
7800,235,234
7800,536,234
7800,836,233
7800,1136,231
7800,1437,229
7800,1737,229
7800,2038,230
7800,2339,230
7800,2639,230
7800,2939,229
7800,3240,228
7800,3540,229
7800,3840,231
7800,4142,231
7800,4442,231
7800,4742,231
7800,5043,230
7800,5343,225
7800,5643,223
7800,5944,223
7800,6245,224
7800,6545,224
7800,6846,223
7800,7146,226
7800,7446,230
7800,7747,229
7800,8047,229
7800,8349,230
7800,8649,229
7800,8949,228
7800,9249,228
7800,9550,228
7800,9850,228
7800,10150,228
7800,10452,229
7800,10753,229
7800,11054,230
7800,11354,229
7800,11654,229
8054,11700,230
8100,11445,230
8100,11145,229
8100,10843,229
8100,10543,229
8100,10243,229
8100,9942,230
8100,9642,230
8100,9342,230
8100,9041,229
8100,8740,231
8100,8439,232
8100,8139,230
8100,7839,229
8100,7539,231
8100,7238,228
8100,6938,226
8100,6636,227
8100,6336,227
8100,6036,226
8100,5735,227
8100,5435,229
8100,5135,231
8100,4835,233
8100,4533,233
8100,4233,233
8100,3932,230
8100,3632,230
8100,3332,230
8100,3031,231
8100,2731,232
8100,2430,231
8100,2129,232
8100,1829,231
8100,1529,231
8100,1228,235
8100,928,236
8100,628,236
8100,326,232
8100,26,233
8374,0,232
8400,275,235
8400,575,235
8400,875,235
8400,1176,233
8400,1477,232
8400,1777,233
8400,2078,232
8400,2378,233
8400,2678,231
8400,2979,232
8400,3279,231
8400,3581,231
8400,3882,233
8400,4182,233
8400,4483,233
8400,4783,231
8400,5083,233
8400,5384,232
8400,5684,232
8400,5985,231
8400,6286,229
8400,6586,227
8400,6886,229
8400,7187,231
8400,7487,231
8400,7787,232
8400,8089,231
8400,8389,231
8400,8689,231
8400,8990,231
8400,9290,229
8400,9590,229
8400,9891,230
8400,10192,230
8400,10493,230
8400,10793,229
8400,11093,229
8400,11393,229
8400,11694,229
8694,11700,228
8700,11404,227
8700,11104,227
8700,10804,229
8700,10503,228
8700,10203,228
8700,9903,227
8700,9603,229
8700,9301,229
8700,9001,230
8700,8700,231
8700,8400,232
8700,8100,230
8700,7799,231
8700,7499,231
8700,7198,231
8700,6897,230
8700,6597,229
8700,6297,231
8700,5996,232
8700,5696,232
8700,5396,234
8700,5094,233
8700,4793,233
8700,4492,231
8700,4192,232
8700,3892,231
8700,3591,231
8700,3291,232
8700,2991,231
8700,2689,232
8700,2389,232
8700,2089,233
8700,1788,231
8700,1488,232
8700,1188,233
8700,887,234
8700,586,233
8700,286,231
8714,0,231
9000,15,232
9000,315,233
9000,616,233
9000,916,233
9000,1217,231
9000,1518,231
9000,1818,231
9000,2118,232
9000,2419,231
9000,2719,231
9000,3019,232
9000,3321,233
9000,3621,232
9000,3921,231
9000,4222,231
9000,4522,233
9000,4822,232
9000,5123,233
9000,5424,232
9000,5725,232
9000,6025,230
9000,6325,232
9000,6625,232
9000,6926,231
9000,7226,230
9000,7528,231
9000,7828,229
9000,8128,231
9000,8429,230
9000,8729,231
9000,9029,229
9000,9329,229
9000,9631,228
9000,9931,227
9000,10232,226
9000,10532,228
9000,10832,225
9000,11133,226
9000,11433,227
9034,11700,227
9300,11664,226
9300,11364,224
9300,11063,223
9300,10763,225
9300,10463,226
9300,10163,226
9300,9862,227
9300,9561,229
9300,9260,228
9300,8960,229
9300,8660,228
9300,8359,230
9300,8059,231
9300,7759,230
9300,7457,231
9300,7157,231
9300,6857,232
9300,6556,233
9300,6256,232
9300,5956,232
9300,5655,232
9300,5354,232
9300,5054,232
9300,4753,231
9300,4453,229
9300,4153,229
9300,3852,230
9300,3552,231
9300,3251,232
9300,2950,232
9300,2650,232
9300,2350,230
9300,2049,232
9300,1749,231
9300,1449,231
9300,1147,230
9300,847,232
9300,547,233
9300,246,232
9354,0,231
9600,54,232
9600,355,232
9600,656,232
9600,957,231
9600,1257,231
9600,1557,230
9600,1857,229
9600,2158,229
9600,2458,231
9600,2760,231
9600,3061,230
9600,3361,230
9600,3662,231
9600,3962,230
9600,4262,231
9600,4563,231
9600,4863,232
9600,5165,232
9600,5465,231
9600,5765,233
9600,6065,232
9600,6366,234
9600,6666,232
9600,6966,232
9600,7268,230
9600,7568,228
9600,7869,228
9600,8169,227
9600,8469,227
9600,8769,227
9600,9070,227
9600,9371,226
9600,9672,226
9600,9972,223
9600,10272,222
9600,10573,222
9600,10873,222
9600,11173,224
9600,11475,225
9675,11700,226
9900,11625,226
9900,11324,223
9900,11024,223
9900,10724,221
9900,10423,223
9900,10122,223
9900,9822,224
9900,9521,226
9900,9221,225
9900,8921,225
9900,8620,224
9900,8320,226
9900,8019,229
9900,7718,229
9900,7418,229
9900,7118,232
9900,6817,233
9900,6517,233
9900,6217,232
9900,5915,233
9900,5615,230
9900,5315,231
9900,5014,232
9900,4714,230
9900,4414,230
9900,4113,228
9900,3812,229
9900,3510,230
9900,3210,229
9900,2910,229
9900,2609,229
9900,2309,229
9900,2009,229
9900,1708,230
9900,1407,231
9900,1107,231
9900,806,231
9900,506,230
9900,206,231
9994,0,230
10200,95,230
10200,397,230
10200,697,230
10200,997,231
10200,1297,230
10200,1598,229
10200,1898,228
10200,2198,227
10200,2500,228
10200,2800,228
10200,3101,229
10200,3401,229
10200,3701,232
10200,4001,231
10200,4302,231
10200,4603,232
10200,4904,232
10200,5204,231
10200,5504,232
10200,5805,232
10200,6105,230
10200,6405,232
10200,6707,232
10200,7007,230
10200,7307,230
10200,7608,228
10200,7908,227
10200,8208,226
10200,8509,227
10200,8810,226
10200,9110,226
10200,9411,225
10200,9711,224
10200,10011,222
10200,10312,222
10200,10612,224
10200,10913,226
10200,11215,225
10200,11515,226
10315,11700,225
10500,11584,226
10500,11284,225
10500,10983,224
10500,10683,225
10500,10382,223
10500,10081,224
10500,9781,224
10500,9481,225
10500,9180,226
10500,8880,226
10500,8580,228
10500,8278,227
10500,7978,227
10500,7678,228
10500,7377,231
10500,7077,231
10500,6777,233
10500,6476,231
10500,6175,232
10500,5875,232
10500,5574,232
10500,5274,233
10500,4974,233
10500,4673,232
10500,4373,231
10500,4071,231
10500,3771,230
10500,3471,230
10500,3171,229
10500,2870,229
10500,2570,229
10500,2270,228
10500,1968,228
10500,1668,229
10500,1367,229
10500,1067,230
10500,767,228
10500,467,229
10500,166,229
10635,0,227
10800,136,227
10800,436,229
10800,736,228
10800,1037,228
10800,1337,228
10800,1637,228
10800,1939,229
10800,2239,229
10800,2539,228
10800,2840,230
10800,3140,230
10800,3440,230
10800,3741,231
10800,4042,230
10800,4344,230
10800,4644,233
10800,4944,233
10800,5245,232
10800,5545,232
10800,5845,233
10800,6145,233
10800,6447,231
10800,6747,231
10800,7048,231
10800,7348,229
10800,7648,230
10800,7949,229
10800,8249,228
10800,8550,227
10800,8851,226
10800,9151,222
10800,9451,225
10800,9752,224
10800,10052,225
10800,10352,223
10800,10654,223
10800,10954,224
10800,11254,225
10800,11555,226
10955,11700,226
11100,11545,226
11100,11244,224
11100,10943,224
11100,10643,225
11100,10342,224
11100,10042,225
11100,9742,225
11100,9441,225
11100,9141,225
11100,8839,226
11100,8539,229
11100,8239,229
11100,7939,231
11100,7638,230
11100,7338,232
11100,7038,231
11100,6736,231
11100,6436,233
11100,6135,232
11100,5835,233
11100,5535,233
11100,5235,233
11100,4934,232
11100,4633,232
11100,4331,231
11100,4031,230
11100,3731,232
11100,3430,229
11100,3130,231
11100,2830,230
11100,2529,230
11100,2228,228
11100,1927,227
11100,1627,227
11100,1327,227
11100,1027,227
11100,726,227
11100,426,228
11100,124,226
11276,0,228
11400,176,227
11400,477,226
11400,777,226
11400,1077,226
11400,1377,227
11400,1679,226
11400,1979,227
11400,2280,228
11400,2580,230
11400,2880,230
11400,3181,231
11400,3481,231
11400,3782,229
11400,4083,230
11400,4383,230
11400,4683,233
11400,4984,232
11400,5284,232
11400,5584,232
11400,5886,233
11400,6186,232
11400,6486,234
11400,6787,232
11400,7087,231
11400,7387,230
11400,7688,229
11400,7989,228
11400,8289,228
11400,8590,227
11400,8890,227
11400,9190,226
11400,9491,226
11400,9791,224
11400,10093,225
11400,10393,224
11400,10693,225
11400,10993,224
11400,11294,226
11400,11594,226
11594,11700,228
11700,11504,228
11700,11203,226
11700,10902,225
11700,10602,225
11700,10302,223
11700,10001,224
11700,9701,226
11700,9401,227
11700,9099,227
11700,8799,227
11700,8499,227
11700,8198,228
11700,7898,227
11700,7598,226
11700,7297,228
11700,6996,231
11700,6695,232
11700,6395,231
11700,6095,232
11700,5795,230
11700,5494,231
11700,5194,230
11700,4892,230
11700,4592,229
11700,4292,229
11700,3991,230
11700,3691,230
11700,3391,230
11700,3091,230
11700,2789,227
11700,2489,226
11700,2188,225
11700,1888,225
11700,1588,223
11700,1287,223
11700,987,220
11700,686,221
11700,385,222
11700,85,222
11915,0,217
12000,216,213
12000,516,215
12000,816,215
12000,1118,216
12000,1418,221
12000,1718,220
12000,2019,222
12000,2319,225
12000,2619,227
12000,2920,228
12000,3221,229
12000,3523,229
12000,3823,229
12000,4123,229
12000,4424,227
12000,4724,228
12000,5024,228
12000,5325,227
12000,5626,229
12000,5926,231
12000,6227,231
12000,6527,231
12000,6827,227
12000,7128,226
12000,7428,225
12000,7729,224
12000,8030,226
12000,8330,228
12000,8630,227
12000,8931,226
12000,9231,222
12000,9531,221
12000,9833,222
12000,10133,222
12000,10433,223
12000,10734,225
12000,11034,226
12000,11334,227
12000,11635,229
12236,11700,229
12300,11463,228
12300,11163,224
12300,10863,222
12300,10563,220
12300,10262,220
12300,9962,218
12300,9660,219
12300,9360,223
12300,9060,224
12300,8759,228
12300,8459,226
12300,8159,223
12300,7859,222
12300,7557,225
12300,7257,223
12300,6956,226
12300,6656,228
12300,6356,228
12300,6055,228
12300,5755,224
12300,5454,225
12300,5153,224
12300,4853,225
12300,4553,226
12300,4252,227
12300,3952,228
12300,3652,228
12300,3350,228
12300,3049,226
12300,2748,224
12300,2448,220
12300,2148,216
12300,1847,218
12300,1547,215
12300,1247,206
12300,945,209
12300,645,211
12300,345,211
12300,44,209
12556,0,213
12600,256,211
12600,557,207
12600,858,200
12600,1158,211
12600,1459,215
12600,1759,214
12600,2059,213
12600,2360,217
12600,2660,223
12600,2961,225
12600,3262,227
12600,3562,226
12600,3862,228
12600,4163,226
12600,4463,224
12600,4763,220
12600,5065,219
12600,5365,222
12600,5666,224
12600,5966,226
12600,6266,225
12600,6566,226
12600,6867,223
12600,7168,222
12600,7469,222
12600,7769,224
12600,8069,226
12600,8369,228
12600,8670,225
12600,8970,223
12600,9272,221
12600,9572,218
12600,9872,220
12600,10173,220
12600,10473,221
12600,10773,220
12600,11073,225
12600,11375,229
12600,11677,228