0,186,196
0,487,194
0,787,196
0,1087,194
0,1389,190
0,1689,190
0,1989,189
0,2290,187
0,2590,185
0,2890,181
0,3191,180
0,3492,182
0,3792,187
0,4093,188
0,4393,188
0,4693,189
0,4994,191
0,5294,191
0,5595,189
0,5896,186
0,6196,184
0,6496,185
0,6797,187
0,7097,188
0,7397,187
0,7699,185
0,7999,183
0,8299,190
0,8600,194
0,8900,196
0,9200,198
0,9501,200
0,9802,201
0,10104,202
0,10404,204
0,10704,202
0,11005,201
0,11305,199
0,11605,198
206,11700,199
300,11493,198
300,11192,201
300,10892,201
300,10592,203
300,10292,202
300,9991,202
300,9691,200
300,9389,197
300,9089,195
300,8789,193
300,8488,189
300,8188,183
300,7888,183
300,7588,184
300,7286,186
300,6986,186
300,6685,183
300,6385,183
300,6085,187
300,5784,189
300,5484,191
300,5183,191
300,4882,190
300,4582,186
300,4282,186
300,3981,186
300,3681,181
300,3381,181
300,3079,180
300,2779,183
300,2479,186
300,2178,188
300,1878,189
300,1578,190
300,1277,192
300,976,193
300,676,194
300,375,195
300,75,196
525,0,194
600,226,194
600,526,194
600,828,194
600,1129,190
600,1429,189
600,1730,187
600,2030,186
600,2330,185
600,2631,183
600,2931,182
600,3232,183
600,3533,185
600,3833,183
600,4133,186
600,4434,189
600,4734,191
600,5034,192
600,5336,191
600,5636,186
600,5936,184
600,6237,185
600,6537,183
600,6837,187
600,7138,189
600,7439,188
600,7740,187
600,8040,190
600,8340,192
600,8640,194
600,8941,194
600,9241,195
600,9543,196
600,9843,197
600,10143,198
600,10444,201
600,10744,202
600,11044,200
600,11344,196
600,11646,197
846,11700,197
900,11453,198
900,11153,201
900,10853,200
900,10552,200
900,10252,198
900,9951,197
900,9650,193
900,9350,193
900,9050,192
900,8749,196
900,8449,195
900,8149,193
900,7847,194
900,7547,193
900,7247,192
900,6946,189
900,6646,184
900,6346,180
900,6045,178
900,5744,185
900,5442,191
900,5142,195
900,4842,193
900,4541,190
900,4241,188
900,3941,188
900,3640,189
900,3339,186
900,3039,185
900,2738,187
900,2438,190
900,2138,189
900,1837,185
900,1537,189
900,1236,191
900,935,193
900,635,193
900,335,193
900,34,192
1166,0,192
1200,266,193
1200,568,193
1200,868,193
1200,1169,191
1200,1469,189
1200,1769,191
1200,2069,194
1200,2370,192
1200,2671,190
1200,2972,191
1200,3272,190
1200,3572,193
1200,3873,194
1200,4173,192
1200,4473,196
1200,4775,196
1200,5075,195
1200,5375,190
1200,5676,188
1200,5976,183
1200,6276,182
1200,6577,190
1200,6878,195
1200,7178,199
1200,7479,198
1200,7779,198
1200,8079,198
1200,8380,198
1200,8680,195
1200,8981,194
1200,9283,193
1200,9583,193
1200,9884,196
1200,10184,200
1200,10484,201
1200,10785,201
1200,11085,201
1200,11386,200
1200,11687,199
1487,11700,202
1500,11413,202
1500,11112,203
1500,10812,203
1500,10512,201
1500,10210,197
1500,9910,194
1500,9610,193
1500,9309,195
1500,9009,195
1500,8709,196
1500,8408,199
1500,8107,201
1500,7807,201
1500,7506,201
1500,7206,200
1500,6906,196
1500,6605,188
1500,6305,182
1500,6003,184
1500,5703,190
1500,5403,194
1500,5103,197
1500,4802,198
1500,4502,197
1500,4202,196
1500,3900,195
1500,3600,193
1500,3299,194
1500,2999,194
1500,2699,195
1500,2399,195
1500,2098,196
1500,1797,194
1500,1496,193
1500,1196,193
1500,896,194
1500,595,194
1500,295,193
1505,0,194
1800,7,195
1800,307,195
1800,607,194
1800,908,195
1800,1208,194
1800,1508,195
1800,1809,194
1800,2110,196
1800,2412,196
1800,2712,195
1800,3012,196
1800,3313,196
1800,3613,197
1800,3913,198
1800,4213,200
1800,4515,200
1800,4815,201
1800,5116,200
1800,5416,196
1800,5716,191
1800,6017,189
1800,6317,195
1800,6618,197
1800,6919,200
1800,7219,202
1800,7519,202
1800,7820,203
1800,8120,202
1800,8420,200
1800,8722,197
1800,9022,198
1800,9322,196
1800,9623,197
1800,9923,200
1800,10223,203
1800,10524,206
1800,10825,207
1800,11125,208
1800,11426,208
1826,11700,209
2100,11674,209
2100,11373,209
2100,11073,209
2100,10771,209
2100,10471,207
2100,10171,206
2100,9871,204
2100,9570,202
2100,9270,201
2100,8970,200
2100,8668,203
2100,8368,203
2100,8067,205
2100,7767,204
2100,7467,203
2100,7167,199
2100,6866,198
2100,6565,198
2100,6263,198
2100,5963,199
2100,5663,200
2100,5362,203
2100,5062,204
2100,4762,203
2100,4461,202
2100,4160,201
2100,3859,200
2100,3559,198
2100,3259,197
2100,2959,196
2100,2658,195
2100,2358,195
2100,2056,195
2100,1756,197
2100,1456,195
2100,1155,195
2100,855,197
2100,555,197
2100,255,199
2147,0,200
2400,47,200
2400,348,199
2400,648,197
2400,948,197
2400,1249,196
2400,1549,196
2400,1850,196
2400,2151,194
2400,2451,197
2400,2751,197
2400,3052,198
2400,3352,200
2400,3652,200
2400,3954,200
2400,4254,202
2400,4554,203
2400,4855,204
2400,5155,205
2400,5455,202
2400,5756,202
2400,6057,201
2400,6357,201
2400,6658,200
2400,6958,202
2400,7258,204
2400,7559,204
2400,7859,203
2400,8161,204
2400,8461,204
2400,8761,204
2400,9061,206
2400,9362,206
2400,9662,207
2400,9962,208
2400,10264,208
2400,10565,209
2400,10866,209
2400,11166,208
2400,11466,209
2466,11700,208
2700,11633,209
2700,11333,208
2700,11031,207
2700,10731,208
2700,10431,207
2700,10130,207
2700,9830,206
2700,9530,205
2700,9229,205
2700,8928,205
2700,8627,205
2700,8327,205
2700,8027,204
2700,7727,204
2700,7426,203
2700,7126,202
2700,6824,201
2700,6524,202
2700,6224,202
2700,5923,204
2700,5623,205
2700,5323,205
2700,5023,205
2700,4721,204
2700,4421,203
2700,4120,202
2700,3820,201
2700,3520,200
2700,3219,200
2700,2919,199
2700,2618,198
2700,2317,196
2700,2017,195
2700,1717,196
2700,1416,196
2700,1116,196
2700,816,198
2700,514,199
2700,214,200
2786,0,199
3000,87,198
3000,387,198
3000,687,196
3000,988,197
3000,1289,196
3000,1591,197
3000,1891,198
3000,2191,198
3000,2492,199
3000,2792,200
3000,3092,201
3000,3393,203
3000,3694,203
3000,3994,204
3000,4295,204
3000,4595,205
3000,4895,205
3000,5196,207
3000,5496,206
3000,5797,205
3000,6098,205
3000,6398,204
3000,6698,205
3000,6999,201
3000,7299,201
3000,7599,204
3000,7901,204
3000,8201,205
3000,8501,205
3000,8802,207
3000,9102,207
3000,9402,206
3000,9703,206
3000,10004,206
3000,10305,205
3000,10605,205
3000,10905,206
3000,11205,206
3000,11506,207
3106,11700,208
3300,11592,207
3300,11292,205
3300,10992,204
3300,10691,203
3300,10391,204
3300,10091,206
3300,9791,205
3300,9489,205
3300,9189,206
3300,8888,205
3300,8588,204
3300,8288,204
3300,7987,203
3300,7687,203
3300,7386,203
3300,7085,204
3300,6785,204
3300,6485,205
3300,6184,206
3300,5884,205
3300,5584,206
3300,5282,206
3300,4981,206
3300,4680,205
3300,4380,205
3300,4080,206
3300,3779,203
3300,3479,204
3300,3179,203
3300,2877,202
3300,2577,200
3300,2277,200
3300,1976,200
3300,1676,197
3300,1376,197
3300,1075,197
3300,774,197
3300,474,200
3300,173,199
3427,0,200
3600,127,200
3600,428,200
3600,728,199
3600,1029,196
3600,1330,199
3600,1630,201
3600,1930,202
3600,2231,201
3600,2531,204
3600,2831,203
3600,3133,204
3600,3433,204
3600,3733,207
3600,4034,205
3600,4334,206
3600,4634,206
3600,4935,205
3600,5236,207
3600,5537,208
3600,5837,205
3600,6137,206
3600,6437,204
3600,6738,203
3600,7038,205
3600,7340,205
3600,7640,204
3600,7940,204
3600,8241,203
3600,8541,204
3600,8841,205
3600,9141,205
3600,9443,205
3600,9745,205
3600,10045,205
3600,10345,204
3600,10645,201
3600,10946,203
3600,11246,205
3600,11546,206
3748,11700,207
3900,11552,206
3900,11251,204
3900,10951,202
3900,10651,201
3900,10351,204
3900,10050,206
3900,9749,204
3900,9448,204
3900,9148,203
3900,8848,203
3900,8547,203
3900,8247,203
3900,7947,204
3900,7645,204
3900,7345,204
3900,7045,205
3900,6744,204
3900,6444,205
3900,6144,207
3900,5843,208
3900,5542,206
3900,5242,207
3900,4941,205
3900,4641,205
3900,4341,205
3900,4040,205
3900,3740,205
3900,3439,204
3900,3138,204
3900,2838,204
3900,2538,203
3900,2237,203
3900,1937,202
3900,1637,201
3900,1335,200
3900,1035,200
3900,735,199
3900,434,200
3900,134,200
4066,0,201
4200,167,200
4200,468,200
4200,769,201
4200,1069,202
4200,1369,203
4200,1669,203
4200,1970,203
4200,2270,203
4200,2572,202
4200,2873,202
4200,3173,204
4200,3474,204
4200,3774,203
4200,4074,204
4200,4375,205
4200,4675,205
4200,4977,204
4200,5277,206
4200,5577,205
4200,5877,207
4200,6178,206
4200,6478,203
4200,6778,204
4200,7080,202
4200,7380,203
4200,7681,202
4200,7981,201
4200,8281,202
4200,8581,202
4200,8882,203
4200,9183,206
4200,9484,205
4200,9784,206
4200,10084,203
4200,10385,204
4200,10685,203
4200,10985,203
4200,11287,205
4200,11587,207
4387,11700,206
4500,11512,205
4500,11212,204
4500,10912,203
4500,10611,203
4500,10310,204
4500,10010,205
4500,9709,205
4500,9409,203
4500,9109,202
4500,8808,201
4500,8508,201
4500,8207,200
4500,7906,201
4500,7606,199
4500,7306,201
4500,7005,200
4500,6705,201
4500,6405,205
4500,6103,205
4500,5802,207
4500,5501,207
4500,5201,204
4500,4901,205
4500,4600,204
4500,4300,204
4500,4000,203
4500,3698,204
4500,3398,203
4500,3098,201
4500,2797,203
4500,2497,202
4500,2197,204
4500,1896,201
4500,1595,200
4500,1295,200
4500,994,199
4500,694,200
4500,394,199
4500,93,199
4707,0,200
4800,209,197
4800,509,198
4800,809,198
4800,1109,199
4800,1410,199
4800,1710,202
4800,2010,203
4800,2312,203
4800,2612,204
4800,2913,200
4800,3213,201
4800,3513,201
4800,3813,202
4800,4114,203
4800,4415,204
4800,4716,204
4800,5016,205
4800,5316,205
4800,5617,203
4800,5917,203
4800,6217,203
4800,6519,201
4800,6819,200
4800,7119,199
4800,7420,198
4800,7720,197
4800,8020,197
4800,8321,198
4800,8622,194
4800,8922,190
4800,9223,196
4800,9523,203
4800,9823,205
4800,10124,205
4800,10424,204
4800,10725,202
4800,11027,200
4800,11327,202
4800,11628,204
5028,11700,201
5100,11472,199
5100,11171,198
5100,10871,200
5100,10570,199
5100,10269,201
5100,9969,203
5100,9669,198
5100,9368,186
5100,9068,185
5100,8768,185
5100,8466,193
5100,8166,194
5100,7866,193
5100,7565,195
5100,7265,196
5100,6965,197
5100,6664,200
5100,6363,202
5100,6063,203
5100,5762,204
5100,5462,205
5100,5162,202
5100,4861,203
5100,4561,202
5100,4259,203
5100,3959,202
5100,3659,201
5100,3359,201
5100,3058,203
5100,2758,203
5100,2458,202
5100,2156,200
5100,1856,201
5100,1555,198
5100,1255,197
5100,955,197
5100,655,197
5100,354,197
5100,53,199
5347,0,198
5400,248,197
5400,548,197
5400,849,198
5400,1149,199
5400,1449,199
5400,1751,201
5400,2052,201
5400,2353,202
5400,2653,203
5400,2953,201
5400,3253,201
5400,3554,201
5400,3854,200
5400,4156,199
5400,4456,200
5400,4756,200
5400,5057,201
5400,5357,203
5400,5657,203
5400,5957,202
5400,6259,201
5400,6559,198
5400,6860,195
5400,7160,193
5400,7460,192
5400,7761,191
5400,8061,190
5400,8362,187
5400,8663,182
5400,8963,180
5400,9263,184
5400,9564,197
5400,9864,197
5400,10164,196
5400,10466,191
5400,10766,187
5400,11066,186
5400,11367,187
5400,11667,189
5667,11700,179
5700,11432,176
5700,11131,173
5700,10831,177
5700,10530,186
5700,10230,193
5700,9930,195
5700,9629,192
5700,9329,186
5700,9027,185
5700,8727,186
5700,8427,188
5700,8127,185
5700,7826,184
5700,7526,188
5700,7226,192
5700,6924,195
5700,6624,199
5700,6323,199
5700,6023,202
5700,5723,201
5700,5423,200
5700,5122,197
5700,4821,198
5700,4519,198
5700,4219,198
5700,3919,200
5700,3618,202
5700,3318,201
5700,3018,201
5700,2717,202
5700,2416,201
5700,2115,200
5700,1815,200
5700,1515,199
5700,1215,198
5700,914,197
5700,614,196
5700,312,198
5700,12,197
5988,0,196
6000,289,198
6000,589,198
6000,889,196
6000,1189,197
6000,1491,199
6000,1791,200
6000,2092,200
6000,2392,202
6000,2692,202
6000,2993,202
6000,3293,202
6000,3594,201
6000,3895,200
6000,4195,198
6000,4495,197
6000,4796,196
6000,5096,196
6000,5396,199
6000,5698,199
6000,5998,201
6000,6298,195
6000,6599,195
6000,6899,190
6000,7199,185
6000,7500,183
6000,7801,180
6000,8101,182
6000,8402,185
6000,8702,187
6000,9002,188
6000,9303,191
6000,9603,193
6000,9905,191
6000,10206,184
6000,10506,175
6000,10807,169
6000,11107,169
6000,11407,168
6007,11700,169
6300,11692,169
6300,11391,168
6300,11090,170
6300,10790,175
6300,10490,183
6300,10189,189
6300,9889,191
6300,9589,190
6300,9287,189
6300,8987,189
6300,8687,185
6300,8386,181
6300,8086,180
6300,7786,181
6300,7485,182
6300,7184,188
6300,6883,191
6300,6583,193
6300,6283,195
6300,5983,197
6300,5682,195
6300,5382,195
6300,5080,197
6300,4780,197
6300,4480,199
6300,4179,200
6300,3879,201
6300,3579,202
6300,3279,203
6300,2977,201
6300,2677,200
6300,2376,200
6300,2076,199
6300,1776,198
6300,1475,197
6300,1175,195
6300,874,196
6300,573,196
6300,273,195
6327,0,195
6600,28,193
6600,328,194
6600,628,195
6600,930,197
6600,1230,200
6600,1530,200
6600,1831,200
6600,2131,200
6600,2431,201
6600,2732,202
6600,3033,202
6600,3335,204
6600,3635,203
6600,3935,202
6600,4236,200
6600,4536,198
6600,4836,195
6600,5137,197
6600,5438,195
6600,5738,195
6600,6039,195
6600,6339,194
6600,6639,193
6600,6940,191
6600,7240,184
6600,7541,182
6600,7842,182
6600,8142,182
6600,8442,186
6600,8743,187
6600,9043,189
6600,9343,190
6600,9645,189
6600,9945,188
6600,10245,186
6600,10546,181
6600,10846,177
6600,11146,180
6600,11447,183
6648,11700,186
6900,11651,192
6900,11351,190
6900,11051,188
6900,10751,188
6900,10450,189
6900,10150,189
6900,9848,193
6900,9548,192
6900,9248,190
6900,8947,190
6900,8647,189
6900,8347,186
6900,8047,186
6900,7745,187
6900,7445,188
6900,7144,191
6900,6844,194
6900,6544,194
6900,6243,194
6900,5943,195
6900,5642,197
6900,5340,198
6900,5040,200
6900,4739,200
6900,4439,201
6900,4139,204
6900,3839,204
6900,3538,202
6900,3237,202
6900,2936,202
6900,2636,203
6900,2336,202
6900,2035,202
6900,1735,202
6900,1435,201
6900,1133,198
6900,833,198
6900,533,199
6900,232,194
6968,0,196
7200,68,198
7200,369,198
7200,670,199
7200,970,201
7200,1271,202
7200,1571,201
7200,1871,202
7200,2172,202
7200,2472,202
7200,2773,203
7200,3074,204
7200,3374,204
7200,3674,204
7200,3975,204
7200,4275,204
7200,4575,202
7200,4877,202
7200,5177,201
7200,5477,199
7200,5778,197
7200,6078,196
7200,6378,195
7200,6679,194
7200,6980,193
7200,7281,193
7200,7581,192
7200,7881,189
7200,8181,190
7200,8482,191
7200,8782,192
7200,9084,192
7200,9384,194
7200,9684,193
7200,9985,192
7200,10285,193
7200,10585,193
7200,10885,195
7200,11187,197
7200,11489,199
7289,11700,200
7500,11611,203
7500,11311,201
7500,11010,196
7500,10710,194
7500,10410,193
7500,10108,194
7500,9808,193
7500,9507,194
7500,9207,193
7500,8907,193
7500,8607,191
7500,8306,191
7500,8005,193
7500,7704,194
7500,7404,196
7500,7104,195
7500,6803,196
7500,6503,196
7500,6203,197
7500,5901,198
7500,5601,202
7500,5301,201
7500,5000,203
7500,4700,203
7500,4400,203
7500,4099,203
7500,3798,202
7500,3498,202
7500,3197,204
7500,2897,202
7500,2597,203
7500,2296,203
7500,1996,201
7500,1695,203
7500,1394,204
7500,1094,203
7500,794,202
7500,493,201
7500,193,201
7607,0,201
7800,109,204
7800,409,203
7800,709,205
7800,1010,205
7800,1310,205
7800,1610,205
7800,1911,202
7800,2212,203
7800,2514,204
7800,2814,205
7800,3114,203
7800,3415,204
7800,3715,204
7800,4015,203
7800,4316,202
7800,4617,202
7800,4917,201
7800,5218,201
7800,5518,202
7800,5818,198
7800,6119,200
7800,6419,197
7800,6721,197
7800,7021,197
7800,7321,196
7800,7621,197
7800,7922,195
7800,8222,194
7800,8522,194
7800,8824,195
7800,9124,196
7800,9425,196
7800,9725,196
7800,10025,195
7800,10325,197
7800,10626,199
7800,10927,201
7800,11228,202
7800,11528,203
7928,11700,205
8100,11571,203
8100,11271,203
8100,10971,202
8100,10669,200
8100,10369,198
8100,10069,197
8100,9768,196
8100,9468,198
8100,9168,197
8100,8867,197
8100,8566,195
8100,8266,195
8100,7965,197
8100,7665,197
8100,7365,197
8100,7064,197
8100,6764,200
8100,6463,200
8100,6162,199
8100,5862,202
8100,5562,202
8100,5261,203
8100,4961,202
8100,4661,201
8100,4359,202
8100,4058,202
8100,3757,204
8100,3457,203
8100,3157,203
8100,2856,203
8100,2556,205
8100,2256,204
8100,1954,204
8100,1654,206
8100,1354,207
8100,1053,205
8100,753,204
8100,453,204
8100,152,204
8249,0,203
8400,149,204
8400,450,205
8400,750,206
8400,1050,207
8400,1351,206
8400,1651,205
8400,1953,206
8400,2253,204
8400,2553,203
8400,2853,204
8400,3154,204
8400,3454,203
8400,3754,201
8400,4056,200
8400,4356,201
8400,4657,201
8400,4957,200
8400,5257,201
8400,5557,200
8400,5858,200
8400,6159,199
8400,6460,199
8400,6760,198
8400,7060,196
8400,7361,198
8400,7661,197
8400,7961,196
8400,8263,196
8400,8563,196
8400,8863,196
8400,9164,197
8400,9464,199
8400,9764,199
8400,10065,199
8400,10366,200
8400,10668,200
8400,10968,200
8400,11268,204
8400,11569,207
8569,11700,207
8700,11531,206
8700,11231,202
8700,10929,199
8700,10629,200
8700,10328,199
8700,10028,200
8700,9728,199
8700,9427,197
8700,9127,196
8700,8826,196
8700,8525,196
8700,8225,197
8700,7925,197
8700,7624,198
8700,7324,198
8700,7024,197
8700,6722,200
8700,6422,200
8700,6122,200
8700,5821,201
8700,5521,200
8700,5221,199
8700,4920,199
8700,4619,200
8700,4319,198
8700,4018,200
8700,3718,201
8700,3418,202
8700,3117,203
8700,2817,203
8700,2515,204
8700,2215,206
8700,1915,206
8700,1615,206
8700,1314,207
8700,1014,205
8700,714,204
8700,412,203
8700,112,202
8888,0,201
9000,189,201
9000,489,202
9000,789,204
9000,1090,206
9000,1391,208
9000,1692,207
9000,1992,205
9000,2292,204
9000,2593,203
9000,2893,202
9000,3193,201
9000,3495,197
9000,3796,195
9000,4097,195
9000,4397,196
9000,4697,194
9000,4997,195
9000,5298,197
9000,5598,196
9000,5900,198
9000,6200,198
9000,6500,198
9000,6801,196
9000,7101,196
9000,7401,196
9000,7701,198
9000,8003,196
9000,8303,195
9000,8604,194
9000,8904,194
9000,9204,196
9000,9505,197
9000,9805,199
9000,10106,198
9000,10407,199
9000,10707,199
9000,11007,202
9000,11308,204
9000,11608,207
9208,11700,205
9300,11490,202
9300,11190,199
9300,10890,198
9300,10589,197
9300,10289,197
9300,9989,196
9300,9688,196
9300,9387,194
9300,9087,193
9300,8786,193
9300,8486,194
9300,8186,195
9300,7885,196
9300,7585,195
9300,7283,195
9300,6983,197
9300,6683,196
9300,6383,196
9300,6082,195
9300,5782,194
9300,5482,193
9300,5180,192
9300,4879,190
9300,4578,190
9300,4278,192
9300,3978,194
9300,3677,195
9300,3377,197
9300,3077,200
9300,2775,203
9300,2475,203
9300,2175,204
9300,1874,205
9300,1574,205
9300,1274,205
9300,973,202
9300,672,201
9300,371,201
9300,71,202
9529,0,201
9600,229,200
9600,530,200
9600,830,201
9600,1132,203
9600,1432,204
9600,1732,201
9600,2033,200
9600,2333,199
9600,2633,197
9600,2933,198
9600,3235,195
9600,3535,192
9600,3836,190
9600,4136,190
9600,4436,189
9600,4737,190
9600,5037,190
9600,5338,190
9600,5639,191
9600,5939,193
9600,6239,195
9600,6540,195
9600,6840,193
9600,7140,192
9600,7442,189
9600,7742,192
9600,8042,193
9600,8343,193
9600,8643,191
9600,8943,192
9600,9244,193
9600,9545,195
9600,9845,196
9600,10146,197
9600,10446,196
9600,10746,196
9600,11047,199
9600,11347,199
9600,11649,198
9850,11700,196
9900,11450,194
9900,11149,194
9900,10849,195
9900,10549,195
9900,10248,195
9900,9948,196
9900,9647,193
9900,9346,191
9900,9046,189
9900,8746,190
9900,8445,189
9900,8145,188
9900,7845,188
9900,7543,187
9900,7243,189
9900,6943,190
9900,6642,193
9900,6342,192
9900,6042,191
9900,5741,190
9900,5440,188
9900,5139,188
9900,4839,189
9900,4539,188
9900,4239,188
9900,3938,189
9900,3638,191
9900,3336,194
9900,3036,194
9900,2736,196
9900,2435,195
9900,2135,196
9900,1835,198
9900,1535,200
9900,1233,202
9900,933,201
9900,632,200
9900,332,201
9900,32,201
10168,0,200
10200,269,200
10200,570,202
10200,871,200
10200,1171,197
10200,1471,193
10200,1772,190
10200,2072,190
10200,2372,189
10200,2674,189
10200,2975,190
10200,3276,191
10200,3576,189
10200,3876,189
10200,4177,186
10200,4477,186
10200,4777,185
10200,5079,187
10200,5379,185
10200,5679,187
10200,5980,188
10200,6280,188
10200,6580,190
10200,6881,187
10200,7182,185
10200,7482,185
10200,7783,185
10200,8083,183
10200,8383,185
10200,8684,186
10200,8984,191
10200,9285,193
10200,9586,194
10200,9886,193
10200,10186,193
10200,10487,193
10200,10787,192
10200,11087,191
10200,11389,193
10200,11689,193
10489,11700,191
10500,11410,188
10500,11110,189
10500,10810,189
10500,10509,192
10500,10208,191
10500,9907,193
10500,9607,193
10500,9307,190
10500,9007,185
10500,8706,184
10500,8406,182
10500,8104,181
10500,7804,183
10500,7504,182
10500,7203,184
10500,6903,185
10500,6603,186
10500,6303,184
10500,6001,183
10500,5701,183
10500,5400,183
10500,5100,183
10500,4800,184
10500,4499,185
10500,4199,186
10500,3898,189
10500,3596,189
10500,3296,186
10500,2995,185
10500,2695,182
10500,2395,181
10500,2095,186
10500,1794,191
10500,1493,194
10500,1192,199
10500,892,201
10500,592,199
10500,291,196
10509,0,194
10800,9,191
10800,311,197
10800,611,200
10800,911,198
10800,1212,195
10800,1512,191
10800,1812,186
10800,2113,180
10800,2414,179
10800,2714,180
10800,3015,182
10800,3315,185
10800,3615,186
10800,3916,184
10800,4216,182
10800,4517,178
10800,4818,179
10800,5118,179
10800,5418,179
10800,5719,178
10800,6019,179
10800,6319,180
10800,6621,184
10800,6921,185
10800,7221,183
10800,7522,181
10800,7822,177
10800,8122,177
10800,8423,183
10800,8724,186
10800,9025,188
10800,9325,191
10800,9625,191
10800,9925,191
10800,10226,187
10800,10526,184
10800,10828,186
10800,11129,187
10800,11429,187
10830,11700,187
11100,11670,186
11100,11370,186
11100,11069,183
11100,10769,183
11100,10467,182
11100,10167,186
11100,9867,193
11100,9567,192
11100,9266,189
11100,8966,185
11100,8666,182
11100,8364,177
11100,8064,175
11100,7763,181
11100,7463,184
11100,7163,184
11100,6863,181
11100,6562,178
11100,6261,175
11100,5960,173
11100,5660,174
11100,5360,175
11100,5059,171
11100,4759,171
11100,4459,175
11100,4157,182
11100,3857,183
11100,3557,182
11100,3256,183
11100,2956,181
11100,2656,181
11100,2355,182
11100,2054,185
11100,1754,191
11100,1453,197
11100,1153,200
11100,853,199
11100,552,195
11100,252,191
11149,0,190
11400,50,192
11400,350,196
11400,650,202
11400,951,201
11400,1251,199
11400,1551,193
11400,1853,188
11400,2153,188
11400,2453,186
11400,2754,182
11400,3054,185
11400,3354,185
11400,3655,184
11400,3956,180
11400,4258,176
11400,4558,174
11400,4858,172
11400,5159,173
11400,5459,176
11400,5759,174
11400,6060,172
11400,6361,177
11400,6661,181
11400,6962,184
11400,7262,184
11400,7562,180
11400,7863,177
11400,8163,178
11400,8465,180
11400,8765,185
11400,9065,190
11400,9365,193
11400,9666,190
11400,9966,186
11400,10266,182
11400,10568,182
11400,10868,181
11400,11169,184
11400,11469,184
11469,11700,183
11700,11631,183
11700,11330,182
11700,11029,181
11700,10728,180
11700,10428,182
11700,10128,188
11700,9827,191
11700,9527,190
11700,9227,190
11700,8925,184
11700,8625,179
11700,8325,178
11700,8024,180
11700,7724,181
11700,7424,183
11700,7123,185
11700,6822,182
11700,6522,176
11700,6221,173
11700,5921,176
11700,5621,178
11700,5320,176
11700,5020,176
11700,4719,174
11700,4417,177
11700,4117,183
11700,3816,188
11700,3516,189
11700,3216,187
11700,2915,187
11700,2615,191
11700,2314,193
11700,2013,195
11700,1713,200
11700,1413,202
11700,1112,204
11700,812,201
11700,512,196
11700,210,189
11790,0,190
12000,90,196
12000,391,200
12000,691,203
12000,991,203
12000,1292,204
12000,1593,202
12000,1893,202
12000,2194,198
12000,2494,196
12000,2794,192
12000,3095,191
12000,3395,192
12000,3697,190
12000,3997,187
12000,4297,184
12000,4597,184
12000,4898,185
12000,5198,184
12000,5498,182
12000,5800,180
12000,6100,179
12000,6401,181
12000,6701,186
12000,7001,186
12000,7301,184
12000,7602,184
12000,7903,182
12000,8204,178
12000,8504,184
12000,8804,188
12000,9105,191
12000,9405,191
12000,9705,190
12000,10007,188
12000,10307,183
12000,10607,183
12000,10908,183
12000,11208,184
12000,11508,184
12108,11700,186
12300,11590,186
12300,11288,186
12300,10988,185
12300,10688,187
12300,10387,190
12300,10087,191
12300,9787,192
12300,9487,189
12300,9185,189
12300,8885,189
12300,8584,186
12300,8284,182
12300,7984,185
12300,7683,187
12300,7383,187
12300,7082,187
12300,6781,182
12300,6481,182
12300,6181,182
12300,5880,185
12300,5580,187
12300,5280,188
12300,4978,190
12300,4678,191
12300,4378,192
12300,4077,189
12300,3777,193
12300,3477,194
12300,3176,196
12300,2875,198
12300,2575,201
12300,2274,204
12300,1974,205
12300,1674,203
12300,1373,203
12300,1073,202
12300,771,201
12300,471,199
12300,171,196
12429,0,196
12600,130,197
12600,430,198
12600,730,201
12600,1032,204
12600,1332,205
12600,1633,206
12600,1933,205
12600,2233,206
12600,2533,202
12600,2834,198
12600,3135,196
12600,3437,193
12600,3737,193
12600,4037,193
12600,4338,191
12600,4638,191
12600,4938,191
12600,5239,189
12600,5540,187
12600,5841,184
12600,6141,183
12600,6441,183
12600,6741,185
12600,7042,187
12600,7342,189
12600,7644,188
12600,7944,189
12600,8244,191
12600,8545,191
12600,8845,190
12600,9145,190
12600,9445,190
12600,9747,191
12600,10047,190
12600,10348,189
12600,10648,186
12600,10948,185
12600,11249,187
12600,11549,189
12750,11700,189
12900,11549,188
12900,11249,188
12900,10949,187
12900,10648,189
12900,10348,189
12900,10048,190
12900,9746,191
12900,9446,191
12900,9146,192
12900,8845,193
12900,8545,194
12900,8245,194
12900,7944,192
12900,7643,192
12900,7343,189
12900,7042,186
12900,6742,184
12900,6442,185
12900,6141,186
12900,5841,187
12900,5539,189
12900,5239,191
12900,4939,191
12900,4639,192
12900,4338,194
12900,4038,194
12900,3738,194
12900,3436,196
12900,3135,199
12900,2834,203
12900,2534,204
12900,2234,206
12900,1933,206
12900,1633,203
12900,1333,202
12900,1031,199
12900,731,198
12900,431,197
12900,130,195
13070,0,196
13200,170,195
13200,471,195
13200,772,198
13200,1073,198
13200,1373,200
13200,1673,202
13200,1973,204
13200,2274,202
13200,2574,204
13200,2876,199
13200,3176,199
13200,3476,196
13200,3777,195
13200,4077,194
13200,4377,192
13200,4677,189
13200,4979,190
13200,5279,189
13200,5580,186
13200,5880,185
13200,6180,184
13200,6481,183
13200,6781,183
13200,7082,187
13200,7383,191
13200,7683,194
13200,7983,195
13200,8284,196
13200,8584,194
13200,8884,193
13200,9186,191
13200,9486,191
13200,9786,190
13200,10087,188
13200,10387,187
13200,10687,188
13200,10988,187
13200,11289,188
13200,11591,188