0,125,208
0,425,203
0,725,198
0,1026,197
0,1327,195
0,1628,193
0,1928,190
0,2228,193
0,2529,198
0,2829,198
0,3129,198
0,3431,194
0,3731,188
0,4031,180
0,4332,176
0,4632,178
0,4932,183
0,5233,191
0,5534,203
0,5834,210
0,6135,210
0,6435,213
0,6735,212
0,7036,211
0,7336,211
0,7637,210
0,7938,208
0,8238,206
0,8538,204
0,8839,205
0,9139,206
0,9439,206
0,9741,209
0,10041,215
0,10341,216
0,10642,217
0,10942,216
0,11242,217
0,11543,217
144,11700,218
300,11554,216
300,11254,216
300,10954,216
300,10653,216
300,10353,215
300,10053,211
300,9752,206
300,9451,206
300,9150,205
300,8850,204
300,8550,205
300,8250,207
300,7949,208
300,7649,210
300,7347,210
300,7047,212
300,6747,212
300,6446,211
300,6146,211
300,5846,208
300,5546,191
300,5244,186
300,4944,178
300,4643,174
300,4343,179
300,4043,186
300,3742,192
300,3442,198
300,3141,199
300,2840,199
300,2540,198
300,2240,192
300,1939,190
300,1639,193
300,1339,193
300,1037,196
300,737,200
300,437,206
300,136,209
464,0,207
600,164,206
600,465,201
600,766,199
600,1066,191
600,1367,186
600,1667,186
600,1967,190
600,2268,196
600,2568,200
600,2870,203
600,3171,204
600,3471,202
600,3772,197
600,4072,189
600,4372,181
600,4673,182
600,4973,185
600,5274,191
600,5575,202
600,5875,207
600,6175,207
600,6476,211
600,6776,209
600,7076,208
600,7378,207
600,7678,203
600,7978,203
600,8279,200
600,8579,194
600,8879,199
600,9180,204
600,9481,206
600,9782,212
600,10082,213
600,10382,218
600,10682,216
600,10983,218
600,11283,220
600,11585,220
785,11700,219
900,11515,220
900,11214,219
900,10914,219
900,10614,217
900,10314,216
900,10012,215
900,9712,210
900,9411,204
900,9111,198
900,8811,196
900,8510,196
900,8210,200
900,7909,200
900,7608,201
900,7308,203
900,7008,206
900,6707,209
900,6407,210
900,6107,207
900,5805,206
900,5505,203
900,5205,192
900,4904,191
900,4604,193
900,4304,197
900,4003,202
900,3702,207
900,3400,208
900,3100,207
900,2800,203
900,2499,197
900,2199,191
900,1899,186
900,1598,187
900,1297,190
900,997,195
900,696,201
900,396,205
900,96,205
1104,0,205
1200,205,206
1200,507,204
1200,807,201
1200,1107,194
1200,1407,191
1200,1708,191
1200,2008,195
1200,2308,198
1200,2610,207
1200,2910,210
1200,3211,211
1200,3511,211
1200,3811,210
1200,4111,208
1200,4412,206
1200,4713,206
1200,5014,210
1200,5314,212
1200,5614,211
1200,5915,210
1200,6215,210
1200,6515,211
1200,6817,205
1200,7117,203
1200,7417,203
1200,7718,200
1200,8018,200
1200,8318,200
1200,8619,201
1200,8920,204
1200,9220,205
1200,9521,211
1200,9821,218
1200,10121,217
1200,10422,218
1200,10722,219
1200,11023,219
1200,11325,220
1200,11625,221
1425,11700,221
1500,11474,220
1500,11174,220
1500,10873,220
1500,10573,220
1500,10272,219
1500,9971,218
1500,9671,213
1500,9371,209
1500,9070,207
1500,8770,203
1500,8470,203
1500,8168,204
1500,7868,202
1500,7568,205
1500,7267,205
1500,6967,208
1500,6667,214
1500,6366,214
1500,6065,213
1500,5765,213
1500,5464,215
1500,5164,215
1500,4864,215
1500,4563,214
1500,4263,214
1500,3961,215
1500,3661,213
1500,3361,214
1500,3061,213
1500,2760,209
1500,2460,204
1500,2160,196
1500,1858,198
1500,1558,199
1500,1257,203
1500,957,207
1500,657,205
1500,357,204
1500,56,205
1745,0,204
1800,246,204
1800,546,204
1800,846,207
1800,1147,206
1800,1447,204
1800,1747,201
1800,2049,207
1800,2349,211
1800,2649,215
1800,2950,216
1800,3250,217
1800,3550,215
1800,3851,214
1800,4152,215
1800,4454,215
1800,4754,217
1800,5054,217
1800,5355,216
1800,5655,216
1800,5955,216
1800,6255,217
1800,6557,216
1800,6857,212
1800,7158,207
1800,7458,209
1800,7758,209
1800,8059,209
1800,8359,206
1800,8660,207
1800,8961,211
1800,9261,215
1800,9561,218
1800,9862,220
1800,10162,221
1800,10462,220
1800,10764,219
1800,11064,219
1800,11364,220
1800,11665,220
2065,11700,221
2100,11435,219
2100,11134,220
2100,10833,221
2100,10533,221
2100,10232,223
2100,9932,222
2100,9632,222
2100,9331,217
2100,9031,215
2100,8729,215
2100,8429,216
2100,8129,217
2100,7829,218
2100,7528,218
2100,7228,219
2100,6928,220
2100,6626,219
2100,6326,220
2100,6025,220
2100,5725,219
2100,5425,218
2100,5125,217
2100,4824,218
2100,4523,218
2100,4221,217
2100,3921,217
2100,3621,215
2100,3320,215
2100,3020,215
2100,2720,216
2100,2419,214
2100,2118,211
2100,1817,210
2100,1517,211
2100,1217,208
2100,917,206
2100,616,204
2100,316,204
2100,14,204
2386,0,207
2400,286,205
2400,587,205
2400,887,207
2400,1187,211
2400,1487,212
2400,1789,212
2400,2089,215
2400,2390,214
2400,2690,217
2400,2990,218
2400,3291,218
2400,3591,218
2400,3892,218
2400,4193,220
2400,4493,220
2400,4793,220
2400,5094,221
2400,5394,221
2400,5694,224
2400,5996,225
2400,6296,225
2400,6596,224
2400,6897,222
2400,7197,224
2400,7497,223
2400,7798,222
2400,8099,221
2400,8399,220
2400,8700,220
2400,9000,221
2400,9300,221
2400,9601,223
2400,9901,224
2400,10203,222
2400,10503,221
2400,10803,220
2400,11103,220
2400,11404,220
2404,11700,221
2700,11696,219
2700,11394,220
2700,11093,220
2700,10792,221
2700,10492,222
2700,10192,225
2700,9891,223
2700,9591,222
2700,9291,220
2700,8989,222
2700,8689,221
2700,8389,223
2700,8088,224
2700,7788,224
2700,7488,224
2700,7187,225
2700,6886,226
2700,6585,225
2700,6285,226
2700,5985,226
2700,5685,225
2700,5384,223
2700,5084,222
2700,4782,220
2700,4482,217
2700,4182,218
2700,3881,219
2700,3581,220
2700,3281,221
2700,2981,220
2700,2679,218
2700,2379,216
2700,2078,214
2700,1778,212
2700,1478,207
2700,1177,206
2700,877,206
2700,576,206
2700,275,206
2725,0,206
3000,25,207
3000,326,208
3000,626,206
3000,926,207
3000,1228,208
3000,1528,211
3000,1828,215
3000,2129,216
3000,2429,218
3000,2729,218
3000,3030,220
3000,3331,220
3000,3633,220
3000,3933,220
3000,4233,221
3000,4534,221
3000,4834,222
3000,5134,223
3000,5435,225
3000,5736,225
3000,6036,228
3000,6337,226
3000,6637,225
3000,6937,225
3000,7238,225
3000,7538,224
3000,7839,224
3000,8140,223
3000,8440,223
3000,8740,221
3000,9041,220
3000,9341,222
3000,9641,222
3000,9943,224
3000,10243,225
3000,10543,221
3000,10844,221
3000,11144,218
3000,11444,218
3044,11700,220
3300,11654,220
3300,11353,219
3300,11053,222
3300,10753,222
3300,10453,225
3300,10152,226
3300,9852,223
3300,9550,224
3300,9250,221
3300,8950,222
3300,8649,222
3300,8349,225
3300,8049,225
3300,7749,225
3300,7447,225
3300,7147,225
3300,6846,226
3300,6546,225
3300,6246,226
3300,5945,227
3300,5645,224
3300,5344,222
3300,5043,222
3300,4743,221
3300,4443,220
3300,4142,220
3300,3842,219
3300,3542,219
3300,3240,217
3300,2939,218
3300,2638,218
3300,2338,215
3300,2038,213
3300,1737,211
3300,1437,209
3300,1137,207
3300,835,207
3300,535,207
3300,235,208
3365,0,210
3600,66,208
3600,366,209
3600,667,209
3600,968,209
3600,1268,211
3600,1569,212
3600,1869,214
3600,2169,216
3600,2470,217
3600,2770,216
3600,3071,218
3600,3372,219
3600,3672,220
3600,3972,219
3600,4273,219
3600,4573,221
3600,4873,221
3600,5175,223
3600,5475,225
3600,5775,226
3600,6076,226
3600,6376,227
3600,6676,228
3600,6977,226
3600,7278,226
3600,7579,225
3600,7879,226
3600,8179,226
3600,8479,225
3600,8780,224
3600,9080,222
3600,9382,222
3600,9682,222
3600,9982,224
3600,10283,223
3600,10583,224
3600,10883,224
3600,11183,221
3600,11485,221
3686,11700,222
3900,11613,221
3900,11313,222
3900,11013,223
3900,10712,225
3900,10412,224
3900,10112,224
3900,9810,223
3900,9510,223
3900,9209,222
3900,8909,222
3900,8609,225
3900,8309,225
3900,8008,224
3900,7707,224
3900,7406,225
3900,7106,224
3900,6806,227
3900,6505,227
3900,6205,226
3900,5905,224
3900,5603,222
3900,5303,221
3900,5003,221
3900,4702,220
3900,4402,219
3900,4102,221
3900,3801,220
3900,3500,219
3900,3200,218
3900,2899,216
3900,2599,216
3900,2299,214
3900,1998,213
3900,1698,211
3900,1397,211
3900,1096,210
3900,796,208
3900,496,209
3900,195,208
4005,0,209
4200,105,209
4200,407,209
4200,707,210
4200,1007,210
4200,1308,213
4200,1608,213
4200,1908,214
4200,2209,216
4200,2510,215
4200,2811,216
4200,3111,218
4200,3411,218
4200,3711,218
4200,4012,219
4200,4312,220
4200,4614,220
4200,4915,221
4200,5215,221
4200,5516,223
4200,5816,224
4200,6116,227
4200,6417,226
4200,6717,227
4200,7019,225
4200,7319,224
4200,7619,223
4200,7919,223
4200,8220,223
4200,8520,223
4200,8820,223
4200,9122,223
4200,9422,222
4200,9723,221
4200,10023,220
4200,10323,222
4200,10623,223
4200,10924,224
4200,11225,224
4200,11526,221
4326,11700,222
4500,11574,221
4500,11273,223
4500,10973,222
4500,10673,221
4500,10371,219
4500,10071,219
4500,9771,220
4500,9470,220
4500,9170,222
4500,8870,222
4500,8569,222
4500,8268,221
4500,7968,222
4500,7667,223
4500,7367,225
4500,7067,225
4500,6766,225
4500,6466,225
4500,6165,225
4500,5864,224
4500,5564,222
4500,5264,220
4500,4963,220
4500,4663,218
4500,4363,217
4500,4061,217
4500,3760,216
4500,3459,215
4500,3159,215
4500,2859,216
4500,2558,215
4500,2258,217
4500,1958,215
4500,1656,215
4500,1356,212
4500,1056,212
4500,755,210
4500,455,210
4500,155,209
4645,0,209
4800,147,209
4800,447,208
4800,748,209
4800,1048,211
4800,1348,213
4800,1649,214
4800,1949,214
4800,2251,216
4800,2551,215
4800,2851,215
4800,3151,215
4800,3452,215
4800,3752,215
4800,4052,214
4800,4354,214
4800,4654,214
4800,4955,217
4800,5255,221
4800,5555,221
4800,5855,224
4800,6156,224
4800,6457,226
4800,6758,225
4800,7058,225
4800,7358,225
4800,7659,224
4800,7959,222
4800,8259,222
4800,8561,221
4800,8861,221
4800,9161,219
4800,9462,218
4800,9762,218
4800,10062,220
4800,10363,219
4800,10664,220
4800,10964,220
4800,11265,220
4800,11565,219
4965,11700,217
5100,11534,217
5100,11234,216
5100,10933,217
5100,10631,218
5100,10331,218
5100,10030,219
5100,9730,218
5100,9430,218
5100,9129,220
5100,8829,218
5100,8528,219
5100,8227,218
5100,7927,221
5100,7627,221
5100,7326,223
5100,7026,222
5100,6726,222
5100,6424,223
5100,6124,224
5100,5824,221
5100,5523,219
5100,5223,214
5100,4923,208
5100,4622,206
5100,4321,211
5100,4021,212
5100,3720,213
5100,3420,214
5100,3120,214
5100,2819,213
5100,2519,211
5100,2217,210
5100,1917,208
5100,1617,204
5100,1317,204
5100,1016,207
5100,716,206
5100,416,208
5100,114,208
5286,0,209
5400,187,207
5400,487,205
5400,787,200
5400,1087,193
5400,1388,185
5400,1689,189
5400,1990,205
5400,2290,210
5400,2590,211
5400,2891,212
5400,3191,210
5400,3491,209
5400,3793,209
5400,4094,204
5400,4395,199
5400,4695,198
5400,4995,201
5400,5295,212
5400,5596,219
5400,5896,222
5400,6198,222
5400,6498,222
5400,6798,221
5400,7099,221
5400,7399,216
5400,7699,213
5400,7999,210
5400,8301,213
5400,8601,218
5400,8902,220
5400,9202,218
5400,9502,218
5400,9803,218
5400,10103,217
5400,10404,215
5400,10705,213
5400,11005,214
5400,11305,214
5400,11606,215
5606,11700,212
5700,11494,211
5700,11192,211
5700,10892,212
5700,10592,213
5700,10291,217
5700,9991,217
5700,9691,219
5700,9390,220
5700,9089,218
5700,8789,214
5700,8488,206
5700,8188,203
5700,7888,206
5700,7587,212
5700,7287,219
5700,6985,218
5700,6685,220
5700,6385,219
5700,6085,218
5700,5784,211
5700,5484,205
5700,5184,200
5700,4882,200
5700,4582,198
5700,4281,202
5700,3981,207
5700,3681,206
5700,3381,208
5700,3080,208
5700,2779,210
5700,2477,207
5700,2177,192
5700,1877,178
5700,1576,174
5700,1276,185
5700,976,195
5700,675,200
5700,374,204
5700,73,208
5927,0,207
6000,227,204
6000,527,194
6000,828,182
6000,1128,171
6000,1430,167
6000,1730,175
6000,2030,193
6000,2331,210
6000,2631,210
6000,2931,207
6000,3231,203
6000,3533,202
6000,3833,203
6000,4134,202
6000,4434,195
6000,4734,195
6000,5035,200
6000,5335,203
6000,5636,211
6000,5937,214
6000,6237,218
6000,6537,218
6000,6838,218
6000,7138,215
6000,7438,209
6000,7740,203
6000,8040,205
6000,8340,207
6000,8641,211
6000,8941,219
6000,9241,220
6000,9542,219
6000,9843,219
6000,10143,216
6000,10444,213
6000,10744,210
6000,11044,207
6000,11345,206
6000,11645,206
6246,11700,203
6300,11452,203
6300,11152,208
6300,10851,211
6300,10551,215
6300,10251,218
6300,9950,220
6300,9650,217
6300,9349,219
6300,9048,219
6300,8748,208
6300,8448,207
6300,8147,207
6300,7847,208
6300,7547,211
6300,7245,217
6300,6945,217
6300,6645,217
6300,6344,214
6300,6044,211
6300,5744,209
6300,5443,207
6300,5142,202
6300,4841,203
6300,4541,203
6300,4241,203
6300,3941,201
6300,3640,201
6300,3340,201
6300,3038,206
6300,2738,210
6300,2438,207
6300,2137,189
6300,1837,175
6300,1537,169
6300,1237,178
6300,935,191
6300,635,200
6300,334,204
6300,34,206
6566,0,206
6600,267,203
6600,567,199
6600,868,190
6600,1169,186
6600,1469,186
6600,1769,192
6600,2070,207
6600,2370,210
6600,2670,207
6600,2972,204
6600,3272,199
6600,3572,195
6600,3873,196
6600,4173,202
6600,4473,208
6600,4774,210
6600,5075,205
6600,5377,207
6600,5677,209
6600,5977,213
6600,6278,218
6600,6578,220
6600,6878,220
6600,7179,217
6600,7480,216
6600,7780,210
6600,8081,208
6600,8381,213
6600,8681,216
6600,8982,219
6600,9282,220
6600,9583,218
6600,9884,216
6600,10184,215
6600,10484,210
6600,10785,207
6600,11085,200
6600,11385,196
6600,11687,198
6887,11700,195
6900,11413,197
6900,11112,202
6900,10812,208
6900,10512,211
6900,10211,215
6900,9910,217
6900,9609,217
6900,9309,218
6900,9009,218
6900,8709,217
6900,8408,216
6900,8108,215
6900,7806,217
6900,7506,219
6900,7206,219
6900,6905,222
6900,6605,221
6900,6305,219
6900,6005,213
6900,5703,207
6900,5403,207
6900,5102,207
6900,4802,207
6900,4502,207
6900,4201,201
6900,3901,199
6900,3600,201
6900,3298,201
6900,2998,204
6900,2697,208
6900,2397,211
6900,2097,208
6900,1797,202
6900,1496,202
6900,1195,200
6900,894,201
6900,594,205
6900,294,208
6906,0,210
7200,7,207
7200,307,208
7200,609,207
7200,909,208
7200,1209,205
7200,1510,207
7200,1810,210
7200,2110,210
7200,2411,209
7200,2712,205
7200,3012,202
7200,3313,201
7200,3613,201
7200,3913,206
7200,4214,211
7200,4514,209
7200,4815,210
7200,5116,212
7200,5416,213
7200,5716,217
7200,6017,221
7200,6317,222
7200,6617,222
7200,6919,222
7200,7219,219
7200,7519,219
7200,7820,219
7200,8120,221
7200,8420,218
7200,8721,218
7200,9022,217
7200,9323,215
7200,9623,215
7200,9923,213
7200,10223,212
7200,10524,207
7200,10824,202
7200,11126,200
7200,11426,196
7226,11700,199
7500,11673,200
7500,11373,199
7500,11073,203
7500,10773,206
7500,10471,211
7500,10169,212
7500,9869,214
7500,9569,216
7500,9269,215
7500,8968,216
7500,8668,217
7500,8368,217
7500,8066,218
7500,7766,219
7500,7465,221
7500,7165,223
7500,6865,225
7500,6565,223
7500,6264,222
7500,5963,220
7500,5662,216
7500,5362,212
7500,5062,211
7500,4761,213
7500,4461,212
7500,4161,210
7500,3859,206
7500,3559,203
7500,3259,203
7500,2958,207
7500,2658,208
7500,2358,210
7500,2057,209
7500,1756,209
7500,1456,209
7500,1155,209
7500,855,209
7500,555,206
7500,254,204
7546,0,201
7800,47,202
7800,348,203
7800,648,204
7800,948,208
7800,1249,207
7800,1549,207
7800,1849,207
7800,2151,205
7800,2451,207
7800,2751,208
7800,3052,206
7800,3352,206
7800,3652,207
7800,3953,209
7800,4254,212
7800,4556,217
7800,4856,217
7800,5156,218
7800,5457,219
7800,5757,221
7800,6057,221
7800,6358,222
7800,6659,221
7800,6959,223
7800,7260,220
7800,7560,218
7800,7860,218
7800,8161,218
7800,8461,217
7800,8763,215
7800,9063,215
7800,9363,215
7800,9663,214
7800,9964,213
7800,10264,209
7800,10564,207
7800,10866,206
7800,11166,200
7800,11467,200
7867,11700,203
8100,11633,202
8100,11333,203
8100,11032,206
8100,10731,207
8100,10430,210
8100,10130,212
8100,9830,213
8100,9529,213
8100,9229,213
8100,8929,214
8100,8627,215
8100,8327,216
8100,8027,217
8100,7726,216
8100,7426,218
8100,7126,221
8100,6825,223
8100,6524,222
8100,6224,223
8100,5923,220
8100,5623,218
8100,5323,218
8100,5022,217
8100,4722,213
8100,4421,213
8100,4120,209
8100,3820,209
8100,3520,207
8100,3219,206
8100,2919,206
8100,2619,207
8100,2317,205
8100,2016,205
8100,1715,204
8100,1415,204
8100,1115,203
8100,814,203
8100,514,201
8100,214,201
8188,0,199
8400,88,200
8400,388,201
8400,689,200
8400,989,201
8400,1289,203
8400,1590,203
8400,1891,204
8400,2191,206
8400,2492,205
8400,2792,206
8400,3092,207
8400,3393,209
8400,3693,210
8400,3995,211
8400,4295,212
8400,4595,214
8400,4895,214
8400,5196,216
8400,5496,217
8400,5796,218
8400,6098,221
8400,6398,222
8400,6699,220
8400,6999,219
8400,7299,216
8400,7599,216
8400,7900,214
8400,8201,214
8400,8502,213
8400,8802,213
8400,9102,212
8400,9403,213
8400,9703,212
8400,10003,210
8400,10305,207
8400,10605,205
8400,10905,203
8400,11206,203
8400,11506,205
8506,11700,204
8700,11593,202
8700,11292,203
8700,10990,203
8700,10690,205
8700,10390,207
8700,10089,210
8700,9789,211
8700,9489,212
8700,9189,214
8700,8887,213
8700,8587,212
8700,8286,212
8700,7986,215
8700,7686,215
8700,7385,214
8700,7085,218
8700,6784,220
8700,6483,219
8700,6183,219
8700,5883,216
8700,5582,215
8700,5282,213
8700,4982,211
8700,4680,212
8700,4380,211
8700,4080,209
8700,3779,210
8700,3479,207
8700,3179,207
8700,2878,206
8700,2577,205
8700,2277,203
8700,1976,203
8700,1676,203
8700,1376,203
8700,1075,202
8700,775,202
8700,473,200
8700,173,200
8827,0,200
9000,127,202
9000,428,202
9000,728,203
9000,1028,204
9000,1330,203
9000,1630,204
9000,1931,203
9000,2231,204
9000,2531,204
9000,2831,206
9000,3132,206
9000,3433,206
9000,3734,208
9000,4034,209
9000,4334,209
9000,4635,209
9000,4935,209
9000,5235,211
9000,5537,215
9000,5838,218
9000,6139,219
9000,6439,219
9000,6739,219
9000,7039,215
9000,7340,214
9000,7640,214
9000,7942,213
9000,8242,211
9000,8542,211
9000,8843,211
9000,9143,211
9000,9443,210
9000,9743,208
9000,10045,208
9000,10345,205
9000,10646,203
9000,10946,200
9000,11246,198
9000,11547,197
9147,11700,192
9300,11552,194
9300,11251,196
9300,10951,201
9300,10651,203
9300,10350,205
9300,10050,206
9300,9750,207
9300,9448,210
9300,9148,210
9300,8848,210
9300,8547,208
9300,8247,209
9300,7947,211
9300,7646,213
9300,7345,214
9300,7045,218
9300,6744,217
9300,6444,219
9300,6144,217
9300,5843,215
9300,5543,211
9300,5241,211
9300,4941,209
9300,4641,209
9300,4341,209
9300,4040,207
9300,3740,205
9300,3440,206
9300,3138,206
9300,2837,205
9300,2536,204
9300,2236,204
9300,1936,204
9300,1635,203
9300,1335,203
9300,1035,204
9300,733,202
9300,433,202
9300,133,201
9468,0,202
9600,168,201
9600,468,202
9600,769,199
9600,1070,201
9600,1371,200
9600,1671,202
9600,1971,204
9600,2271,204
9600,2572,206
9600,2872,204
9600,3174,201
9600,3474,194
9600,3774,198
9600,4075,205
9600,4375,209
9600,4675,210
9600,4975,211
9600,5277,212
9600,5577,215
9600,5878,216
9600,6178,217
9600,6478,217
9600,6779,216
9600,7079,214
9600,7380,210
9600,7681,209
9600,7981,209
9600,8281,208
9600,8582,209
9600,8882,207
9600,9182,209
9600,9484,209
9600,9784,206
9600,10084,206
9600,10385,203
9600,10685,200
9600,10985,198
9600,11286,192
9600,11587,189
9787,11700,189
9900,11512,192
9900,11212,198
9900,10912,201
9900,10611,202
9900,10311,206
9900,10009,207
9900,9708,210
9900,9408,208
9900,9107,205
9900,8807,206
9900,8507,208
9900,8206,206
9900,7906,207
9900,7605,206
9900,7304,208
9900,7004,211
9900,6704,217
9900,6403,218
9900,6103,216
9900,5803,212
9900,5501,212
9900,5201,209
9900,4901,208
9900,4600,207
9900,4300,199
9900,4000,188
9900,3699,189
9900,3398,192
9900,3097,203
9900,2797,205
9900,2497,205
9900,2197,202
9900,1896,200
9900,1596,200
9900,1294,197
9900,994,199
9900,694,199
9900,393,201
9900,93,202
10107,0,201
10200,207,202
10200,509,198
10200,809,199
10200,1110,198
10200,1410,203
10200,1710,203
10200,2011,201
10200,2311,203
10200,2612,204
10200,2913,200
10200,3213,191
10200,3513,184
10200,3814,182
10200,4114,191
10200,4414,201
10200,4716,203
10200,5017,207
10200,5318,209
10200,5618,213
10200,5918,214
10200,6219,214
10200,6519,211
10200,6819,204
10200,7121,199
10200,7421,198
10200,7721,202
10200,8022,204
10200,8322,203
10200,8622,204
10200,8923,207
10200,9224,208
10200,9524,209
10200,9825,209
10200,10125,207
10200,10425,203
10200,10726,200
10200,11026,194
10200,11327,193
10200,11628,187
10428,11700,188
10500,11472,193
10500,11171,197
10500,10871,201
10500,10571,204
10500,10269,208
10500,9969,210
10500,9669,209
10500,9368,208
10500,9068,206
10500,8768,204
10500,8467,202
10500,8166,202
10500,7865,196
10500,7565,194
10500,7265,197
10500,6965,199
10500,6664,207
10500,6364,211
10500,6062,211
10500,5762,208
10500,5462,204
10500,5161,200
10500,4861,198
10500,4561,190
10500,4261,187
10500,3959,185
10500,3659,185
10500,3358,200
10500,3058,201
10500,2758,203
10500,2457,203
10500,2157,199
10500,1856,198
10500,1554,199
10500,1254,198
10500,953,199
10500,653,201
10500,353,201
10500,53,200
10748,0,197
10800,249,201
10800,550,203
10800,850,203
10800,1150,200
10800,1451,197
10800,1751,195
10800,2051,199
10800,2353,203
10800,2653,204
10800,2953,203
10800,3254,200
10800,3554,194
10800,3854,186
10800,4155,185
10800,4456,191
10800,4756,194
10800,5057,200
10800,5357,203
10800,5657,204
10800,5958,207
10800,6258,206
10800,6559,205
10800,6860,198
10800,7160,197
10800,7460,194
10800,7761,196
10800,8061,201
10800,8361,204
10800,8663,205
10800,8963,206
10800,9263,209
10800,9564,208
10800,9864,208
10800,10164,208
10800,10465,202
10800,10766,200
10800,11067,196
10800,11367,192
10800,11667,189
11067,11700,192
11100,11432,195
11100,11132,198
11100,10830,200
11100,10529,205
11100,10229,208
11100,9928,208
11100,9628,207
11100,9328,207
11100,9027,206
11100,8727,205
11100,8425,204
11100,8125,201
11100,7825,200
11100,7525,198
11100,7224,198
11100,6924,200
11100,6624,201
11100,6322,202
11100,6022,201
11100,5721,200
11100,5421,197
11100,5121,196
11100,4821,190
11100,4520,192
11100,4219,192
11100,3918,197
11100,3618,203
11100,3318,206
11100,3017,206
11100,2717,202
11100,2417,198
11100,2115,194
11100,1815,197
11100,1515,199
11100,1214,204
11100,914,205
11100,614,203
11100,313,197
11100,12,193
11388,0,198
11400,289,205
11400,589,207
11400,889,206
11400,1190,200
11400,1490,199
11400,1791,196
11400,2092,199
11400,2392,204
11400,2692,208
11400,2993,211
11400,3293,209
11400,3593,206
11400,3895,204
11400,4195,197
11400,4495,193
11400,4796,196
11400,5096,195
11400,5396,198
11400,5697,201
11400,5998,197
11400,6300,194
11400,6600,197
11400,6900,201
11400,7201,203
11400,7501,207
11400,7801,207
11400,8102,206
11400,8403,207
11400,8703,207
11400,9004,207
11400,9304,206
11400,9604,209
11400,9905,209
11400,10205,204
11400,10507,202
11400,10807,202
11400,11107,200
11400,11407,198
11408,11700,200
11700,11692,202
11700,11392,203
11700,11090,204
11700,10790,203
11700,10489,203
11700,10189,208
11700,9889,210
11700,9589,210
11700,9288,208
11700,8987,208
11700,8686,208
11700,8386,210
11700,8086,210
11700,7785,210
11700,7485,207
11700,7185,203
11700,6883,193
11700,6583,191
11700,6283,196
11700,5982,201
11700,5682,202
11700,5382,199
11700,5081,200
11700,4780,203
11700,4480,205
11700,4179,209
11700,3879,211
11700,3579,213
11700,3278,213
11700,2978,210
11700,2677,207
11700,2375,204
11700,2075,199
11700,1774,199
11700,1474,204
11700,1174,207
11700,873,208
11700,573,210
11700,272,208
11728,0,209
12000,29,211
12000,329,212
12000,630,210
12000,930,208
12000,1230,207
12000,1532,205
12000,1832,206
12000,2132,209
12000,2433,209
12000,2733,211
12000,3033,213
12000,3334,213
12000,3635,215
12000,3935,213
12000,4236,210
12000,4536,210
12000,4836,208
12000,5137,207
12000,5437,210
12000,5739,206
12000,6039,198
12000,6339,194
12000,6639,195
12000,6940,200
12000,7240,210
12000,7540,213
12000,7842,212
12000,8142,212
12000,8443,212
12000,8743,214
12000,9043,213
12000,9343,212
12000,9644,211
12000,9945,210
12000,10246,207
12000,10546,207
12000,10846,204
12000,11147,205
12000,11447,207
12047,11700,210
12300,11651,211
12300,11351,210
12300,11051,210
12300,10750,210
12300,10450,211
12300,10150,213
12300,9849,213
12300,9548,213
12300,9246,214
12300,8946,217
12300,8646,215
12300,8345,216
12300,8045,216
12300,7745,218
12300,7445,216
12300,7143,207
12300,6843,203
12300,6542,200
12300,6242,203
12300,5942,212
12300,5641,216
12300,5341,214
12300,5040,212
12300,4739,213
12300,4439,214
12300,4139,214
12300,3838,216
12300,3538,215
12300,3238,215
12300,2936,213
12300,2636,212
12300,2336,212
12300,2035,209
12300,1735,207
12300,1435,210
12300,1134,210
12300,833,212
12300,533,214
12300,232,214
12368,0,214
12600,68,215
12600,369,213
12600,669,212
12600,971,212
12600,1271,211
12600,1571,212
12600,1871,213
12600,2172,213
12600,2472,213
12600,2772,216
12600,3074,216
12600,3374,216
12600,3675,216
12600,3975,216
12600,4275,218
12600,4575,220
12600,4876,219
12600,5177,220
12600,5479,219
12600,5779,219
12600,6079,215
12600,6380,211
12600,6680,212
12600,6980,218
12600,7281,220
12600,7582,219
12600,7883,218
12600,8183,218
12600,8483,216
12600,8783,217
12600,9084,215
12600,9384,215
12600,9686,215
12600,9986,216
12600,10286,214
12600,10587,214
12600,10887,212
12600,11187,213
12600,11487,212
12689,11700,215
12900,11611,216
12900,11310,216
12900,11010,216
12900,10710,217
12900,10409,218
12900,10109,218
12900,9808,217
12900,9507,217
12900,9207,217
12900,8907,218
12900,8606,218
12900,8306,218
12900,8006,221
12900,7704,221
12900,7404,221
12900,7104,221
12900,6803,222
12900,6503,220
12900,6203,223
12900,5902,222
12900,5601,220
12900,5301,222
12900,5000,221
12900,4700,220
12900,4400,218
12900,4099,218
12900,3799,216
12900,3497,217
12900,3197,216
12900,2897,217
12900,2597,215
12900,2296,213
12900,1996,214
12900,1696,212
12900,1394,213
12900,1093,214
12900,792,213
12900,492,214
12900,192,215
13008,0,212
13200,109,212
13200,409,209
13200,711,210
13200,1011,213
13200,1311,212
13200,1612,212
13200,1912,213
13200,2212,212
13200,2513,214
13200,2814,214
13200,3115,216
13200,3415,217
13200,3715,217
13200,4015,218
13200,4316,220
13200,4616,219
13200,4918,220
13200,5218,222
13200,5518,223
13200,5819,222
13200,6119,223
13200,6419,222
13200,6719,224
13200,7021,223
13200,7321,222
13200,7622,220
13200,7922,221
13200,8222,220
13200,8523,219
13200,8823,220
13200,9124,220
13200,9425,220
13200,9725,221
13200,10025,220
13200,10326,217
13200,10626,218
13200,10926,217
13200,11228,216
13200,11528,217