0,204,231
0,505,230
0,806,230
0,1107,228
0,1407,227
0,1707,226
0,2008,224
0,2308,225
0,2608,226
0,2910,226
0,3210,225
0,3510,221
0,3811,220
0,4111,220
0,4411,219
0,4712,216
0,5013,218
0,5313,221
0,5614,224
0,5914,226
0,6214,229
0,6515,230
0,6815,229
0,7116,227
0,7417,226
0,7717,225
0,8017,225
0,8318,223
0,8618,223
0,8918,222
0,9220,220
0,9520,218
0,9820,219
0,10121,217
0,10421,217
0,10721,216
0,11022,219
0,11323,219
0,11624,220
224,11700,220
300,11476,220
300,11175,217
300,10875,217
300,10575,217
300,10273,219
300,9972,220
300,9671,219
300,9371,220
300,9071,220
300,8771,222
300,8470,223
300,8170,225
300,7868,227
300,7568,228
300,7268,227
300,6967,229
300,6667,228
300,6367,227
300,6067,224
300,5765,223
300,5465,218
300,5164,216
300,4864,215
300,4564,219
300,4263,220
300,3963,222
300,3662,222
300,3361,226
300,3061,226
300,2761,225
300,2460,225
300,2160,225
300,1860,225
300,1558,227
300,1258,229
300,958,231
300,657,230
300,357,231
300,57,230
543,0,231
600,245,232
600,545,230
600,846,231
600,1146,231
600,1446,230
600,1747,230
600,2047,230
600,2349,229
600,2649,229
600,2949,229
600,3249,228
600,3550,224
600,3850,221
600,4150,218
600,4452,216
600,4752,217
600,5053,217
600,5353,218
600,5653,220
600,5953,223
600,6254,226
600,6555,228
600,6857,230
600,7157,229
600,7457,228
600,7758,227
600,8058,227
600,8358,225
600,8659,223
600,8960,221
600,9261,221
600,9561,221
600,9861,219
600,10161,218
600,10462,217
600,10762,217
600,11064,218
600,11364,220
600,11664,222
864,11700,221
900,11435,220
900,11135,220
900,10835,220
900,10533,219
900,10233,218
900,9932,222
900,9632,222
900,9332,223
900,9031,224
900,8731,226
900,8430,227
900,8129,226
900,7829,228
900,7529,229
900,7228,229
900,6928,228
900,6628,224
900,6326,222
900,6026,221
900,5726,221
900,5425,218
900,5125,217
900,4825,217
900,4524,217
900,4223,219
900,3923,223
900,3622,226
900,3322,230
900,3022,230
900,2721,230
900,2421,231
900,2119,233
900,1818,233
900,1518,234
900,1217,233
900,917,235
900,617,234
900,316,233
900,16,233
1185,0,233
1200,286,235
1200,586,235
1200,886,234
1200,1187,235
1200,1487,235
1200,1787,234
1200,2089,233
1200,2389,232
1200,2690,231
1200,2990,230
1200,3290,228
1200,3590,228
1200,3891,225
1200,4192,222
1200,4493,219
1200,4793,217
1200,5093,216
1200,5394,218
1200,5694,220
1200,5994,221
1200,6296,222
1200,6596,222
1200,6896,224
1200,7197,228
1200,7497,229
1200,7797,230
1200,8098,230
1200,8399,230
1200,8699,229
1200,9000,227
1200,9300,224
1200,9600,222
1200,9901,219
1200,10201,222
1200,10502,222
1200,10803,222
1200,11103,223
1200,11403,223
1203,11700,228
1500,11696,228
1500,11396,225
1500,11094,225
1500,10794,223
1500,10494,222
1500,10193,223
1500,9893,223
1500,9593,224
1500,9292,226
1500,8991,229
1500,8689,229
1500,8389,230
1500,8089,232
1500,7788,230
1500,7488,227
1500,7188,224
1500,6887,222
1500,6586,223
1500,6286,224
1500,5985,223
1500,5685,221
1500,5385,219
1500,5084,220
1500,4784,224
1500,4482,227
1500,4182,229
1500,3882,230
1500,3582,231
1500,3281,231
1500,2981,231
1500,2681,233
1500,2379,232
1500,2079,232
1500,1778,234
1500,1478,232
1500,1178,233
1500,878,233
1500,577,231
1500,276,231
1524,0,230
1800,25,230
1800,325,230
1800,626,230
1800,926,230
1800,1226,232
1800,1528,231
1800,1828,230
1800,2128,230
1800,2429,232
1800,2729,231
1800,3029,231
1800,3330,230
1800,3631,230
1800,3931,231
1800,4232,229
1800,4532,230
1800,4832,230
1800,5133,229
1800,5433,227
1800,5734,226
1800,6036,225
1800,6336,224
1800,6637,225
1800,6937,225
1800,7237,226
1800,7538,228
1800,7838,230
1800,8139,232
1800,8440,233
1800,8740,230
1800,9040,228
1800,9341,226
1800,9641,224
1800,9941,224
1800,10243,225
1800,10543,225
1800,10843,225
1800,11144,227
1800,11444,230
1844,11700,231
2100,11655,231
2100,11354,228
2100,11054,225
2100,10753,224
2100,10453,225
2100,10153,226
2100,9852,226
2100,9552,227
2100,9250,231
2100,8950,232
2100,8650,233
2100,8350,234
2100,8049,232
2100,7749,231
2100,7449,228
2100,7147,226
2100,6847,225
2100,6546,225
2100,6246,229
2100,5946,231
2100,5646,232
2100,5345,234
2100,5044,234
2100,4743,232
2100,4443,232
2100,4143,231
2100,3842,230
2100,3542,230
2100,3242,229
2100,2940,228
2100,2640,228
2100,2340,229
2100,2039,229
2100,1739,228
2100,1439,228
2100,1138,228
2100,837,228
2100,535,228
2100,235,227
2165,0,227
2400,66,226
2400,366,226
2400,666,227
2400,966,225
2400,1268,226
2400,1568,226
2400,1869,226
2400,2169,226
2400,2469,227
2400,2770,229
2400,3070,227
2400,3371,229
2400,3672,230
2400,3972,232
2400,4272,233
2400,4573,233
2400,4873,234
2400,5173,235
2400,5475,234
2400,5775,234
2400,6075,231
2400,6376,230
2400,6676,229
2400,6976,229
2400,7277,230
2400,7578,232
2400,7878,233
2400,8179,233
2400,8479,235
2400,8779,235
2400,9080,232
2400,9380,230
2400,9682,228
2400,9982,226
2400,10282,224
2400,10582,225
2400,10883,227
2400,11183,228
2400,11483,231
2485,11700,231
2700,11615,230
2700,11314,229
2700,11014,227
2700,10714,227
2700,10414,228
2700,10113,227
2700,9812,228
2700,9510,233
2700,9210,233
2700,8910,234
2700,8609,233
2700,8309,233
2700,8009,233
2700,7708,231
2700,7407,230
2700,7106,228
2700,6806,230
2700,6506,230
2700,6206,232
2700,5905,232
2700,5605,233
2700,5303,234
2700,5003,233
2700,4703,233
2700,4402,231
2700,4102,231
2700,3802,230
2700,3502,229
2700,3200,229
2700,2900,227
2700,2599,228
2700,2299,225
2700,1999,225
2700,1698,225
2700,1398,225
2700,1097,225
2700,796,225
2700,496,226
2700,196,229
2804,0,230
3000,105,228
3000,405,227
3000,707,225
3000,1007,225
3000,1307,226
3000,1608,225
3000,1908,225
3000,2208,228
3000,2509,227
3000,2810,229
3000,3110,231
3000,3411,231
3000,3711,229
3000,4011,231
3000,4312,229
3000,4612,228
3000,4914,229
3000,5214,229
3000,5514,228
3000,5814,229
3000,6115,230
3000,6415,230
3000,6715,230
3000,7017,230
3000,7318,230
3000,7619,232
3000,7919,233
3000,8219,233
3000,8520,231
3000,8820,232
3000,9120,231
3000,9422,230
3000,9722,229
3000,10022,228
3000,10323,226
3000,10623,227
3000,10923,229
3000,11224,228
3000,11525,232
3125,11700,231
3300,11574,231
3300,11274,229
3300,10974,228
3300,10673,228
3300,10373,228
3300,10071,229
3300,9771,229
3300,9471,229
3300,9170,230
3300,8870,231
3300,8570,232
3300,8270,233
3300,7968,231
3300,7668,232
3300,7367,229
3300,7067,231
3300,6767,231
3300,6466,230
3300,6166,228
3300,5865,227
3300,5564,225
3300,5264,224
3300,4964,223
3300,4663,224
3300,4363,227
3300,4063,228
3300,3761,229
3300,3461,229
3300,3161,229
3300,2860,228
3300,2560,228
3300,2260,228
3300,1959,226
3300,1658,228
3300,1356,227
3300,1056,226
3300,756,228
3300,455,228
3300,155,229
3445,0,231
3600,146,228
3600,447,228
3600,747,227
3600,1048,227
3600,1348,228
3600,1648,228
3600,1949,228
3600,2249,230
3600,2550,229
3600,2851,228
3600,3151,229
3600,3451,227
3600,3752,226
3600,4052,224
3600,4352,224
3600,4654,222
3600,4954,223
3600,5254,224
3600,5555,226
3600,5855,227
3600,6155,228
3600,6456,230
3600,6757,231
3600,7058,233
3600,7358,234
3600,7658,232
3600,7958,231
3600,8259,231
3600,8559,231
3600,8861,231
3600,9161,229
3600,9461,227
3600,9762,227
3600,10062,229
3600,10362,228
3600,10662,228
3600,10964,229
3600,11264,230
3600,11565,231
3765,11700,229
3900,11535,228
3900,11234,228
3900,10934,229
3900,10633,228
3900,10332,228
3900,10032,228
3900,9732,228
3900,9431,228
3900,9131,229
3900,8831,231
3900,8529,231
3900,8228,232
3900,7927,232
3900,7627,233
3900,7327,232
3900,7026,232
3900,6726,231
3900,6426,229
3900,6124,229
3900,5824,226
3900,5524,225
3900,5223,224
3900,4923,223
3900,4623,223
3900,4322,225
3900,4021,226
3900,3721,229
3900,3420,229
3900,3120,230
3900,2820,230
3900,2519,230
3900,2219,231
3900,1918,229
3900,1617,229
3900,1317,229
3900,1017,230
3900,716,230
3900,416,229
3900,116,231
4086,0,230
4200,186,230
4200,486,229
4200,787,229
4200,1087,232
4200,1387,230
4200,1688,230
4200,1989,230
4200,2290,231
4200,2590,231
4200,2890,230
4200,3190,232
4200,3491,230
4200,3791,227
4200,4093,225
4200,4393,223
4200,4693,223
4200,4994,223
4200,5294,225
4200,5594,227
4200,5894,230
4200,6196,231
4200,6498,233
4200,6798,233
4200,7098,233
4200,7398,232
4200,7699,232
4200,7999,232
4200,8299,230
4200,8601,230
4200,8901,227
4200,9202,227
4200,9502,225
4200,9802,228
4200,10102,229
4200,10403,228
4200,10704,229
4200,11005,230
4200,11305,229
4200,11605,229
4405,11700,229
4500,11494,230
4500,11194,228
4500,10892,229
4500,10592,229
4500,10292,229
4500,9991,228
4500,9691,227
4500,9391,228
4500,9090,229
4500,8789,229
4500,8489,231
4500,8188,231
4500,7888,233
4500,7588,233
4500,7287,233
4500,6987,233
4500,6686,233
4500,6385,233
4500,6085,231
4500,5785,230
4500,5484,227
4500,5184,226
4500,4884,225
4500,4582,225
4500,4282,225
4500,3982,228
4500,3681,229
4500,3381,230
4500,3081,232
4500,2780,233
4500,2479,230
4500,2178,230
4500,1878,231
4500,1578,230
4500,1278,230
4500,977,229
4500,677,229
4500,375,229
4500,74,232
4726,0,230
4800,227,229
4800,527,230
4800,827,230
4800,1128,229
4800,1428,231
4800,1730,229
4800,2030,229
4800,2330,231
4800,2630,230
4800,2931,231
4800,3231,230
4800,3531,229
4800,3833,226
4800,4133,227
4800,4434,227
4800,4734,229
4800,5034,230
4800,5334,233
4800,5635,233
4800,5936,235
4800,6237,234
4800,6537,235
4800,6837,235
4800,7138,235
4800,7438,233
4800,7738,233
4800,8040,231
4800,8340,231
4800,8640,229
4800,8941,228
4800,9241,227
4800,9541,229
4800,9842,228
4800,10143,228
4800,10443,229
4800,10744,228
4800,11044,229
4800,11344,230
4800,11645,232
5045,11700,233
5100,11454,231
5100,11153,231
5100,10853,231
5100,10553,229
5100,10252,229
5100,9952,227
5100,9652,229
5100,9350,229
5100,9049,229
5100,8748,229
5100,8448,232
5100,8148,231
5100,7847,233
5100,7547,235
5100,7247,234
5100,6945,235
5100,6645,236
5100,6345,236
5100,6044,235
5100,5744,235
5100,5444,234
5100,5143,233
5100,4842,231
5100,4542,232
5100,4241,231
5100,3941,231
5100,3641,231
5100,3340,230
5100,3040,232
5100,2738,231
5100,2438,229
5100,2138,229
5100,1838,231
5100,1537,230
5100,1237,230
5100,937,230
5100,635,230
5100,335,229
5100,34,231
5366,0,231
5400,266,230
5400,566,230
5400,867,229
5400,1168,229
5400,1469,230
5400,1769,229
5400,2069,227
5400,2370,229
5400,2670,230
5400,2970,230
5400,3272,232
5400,3572,232
5400,3872,231
5400,4173,232
5400,4473,232
5400,4773,233
5400,5074,234
5400,5375,236
5400,5675,236
5400,5976,236
5400,6276,236
5400,6576,235
5400,6877,235
5400,7177,234
5400,7478,233
5400,7780,232
5400,8080,231
5400,8381,230
5400,8681,229
5400,8981,230
5400,9282,230
5400,9582,229
5400,9883,229
5400,10184,230
5400,10484,231
5400,10784,233
5400,11085,231
5400,11385,233
5400,11685,233
5687,11700,234
5700,11413,234
5700,11113,231
5700,10812,231
5700,10512,229
5700,10212,231
5700,9911,230
5700,9610,229
5700,9310,230
5700,9009,231
5700,8709,229
5700,8409,230
5700,8108,233
5700,7808,232
5700,7506,232
5700,7206,233
5700,6906,235
5700,6606,235
5700,6305,236
5700,6005,237
5700,5705,236
5700,5403,235
5700,5103,234
5700,4802,234
5700,4502,233
5700,4202,231
5700,3902,232
5700,3601,233
5700,3300,231
5700,2999,230
5700,2699,229
5700,2399,228
5700,2098,229
5700,1798,229
5700,1498,230
5700,1196,230
5700,895,231
5700,594,230
5700,294,232
5706,0,230
6000,6,230
6000,307,230
6000,607,231
6000,909,230
6000,1209,229
6000,1509,230
6000,1810,229
6000,2110,229
6000,2410,229
6000,2710,230
6000,3012,231
6000,3312,234
6000,3613,233
6000,3913,233
6000,4213,232
6000,4514,234
6000,4814,234
6000,5115,236
6000,5416,235
6000,5716,236
6000,6016,235
6000,6317,235
6000,6617,235
6000,6917,234
6000,7219,232
6000,7519,232
6000,7819,231
6000,8120,230
6000,8420,230
6000,8720,230
6000,9021,230
6000,9322,231
6000,9622,228
6000,9923,230
6000,10223,230
6000,10523,232
6000,10824,233
6000,11124,232
6000,11426,235
6026,11700,236
6300,11674,233
6300,11374,234
6300,11073,233
6300,10773,232
6300,10473,230
6300,10171,230
6300,9871,229
6300,9570,229
6300,9270,229
6300,8970,230
6300,8670,232
6300,8369,231
6300,8068,231
6300,7766,232
6300,7466,233
6300,7166,234
6300,6865,234
6300,6565,236
6300,6265,236
6300,5964,237
6300,5663,237
6300,5362,236
6300,5062,235
6300,4762,235
6300,4462,233
6300,4161,233
6300,3861,232
6300,3559,232
6300,3259,232
6300,2959,229
6300,2658,230
6300,2358,231
6300,2058,230
6300,1758,230
6300,1456,230
6300,1156,231
6300,855,229
6300,555,231
6300,255,229
6345,0,230
6600,46,231
6600,347,231
6600,648,230
6600,948,231
6600,1248,231
6600,1549,230
6600,1849,229
6600,2149,229
6600,2451,231
6600,2751,231
6600,3051,233
6600,3352,233
6600,3652,233
6600,3952,233
6600,4253,235
6600,4554,236
6600,4854,237
6600,5155,237
6600,5455,237
6600,5755,236
6600,6056,235
6600,6356,236
6600,6658,234
6600,6959,234
6600,7259,231
6600,7560,232
6600,7860,232
6600,8160,231
6600,8461,231
6600,8761,229
6600,9062,229
6600,9363,229
6600,9663,228
6600,9963,230
6600,10264,230
6600,10564,232
6600,10864,233
6600,11166,233
6600,11466,232
6666,11700,232
6900,11633,231
6900,11333,231
6900,11033,232
6900,10732,232
6900,10431,229
6900,10130,230
6900,9830,228
6900,9530,228
6900,9230,228
6900,8929,230
6900,8629,229
6900,8327,232
6900,8027,231
6900,7727,231
6900,7426,232
6900,7126,233
6900,6826,235
6900,6526,234
6900,6224,237
6900,5924,236
6900,5623,236
6900,5323,237
6900,5023,237
6900,4722,236
6900,4422,234
6900,4121,233
6900,3820,234
6900,3520,234
6900,3220,231
6900,2919,230
6900,2619,230
6900,2319,229
6900,2017,230
6900,1717,230
6900,1417,230
6900,1116,230
6900,816,230
6900,516,231
6900,215,229
6986,0,228
7200,88,228
7200,388,229
7200,688,230
7200,989,230
7200,1289,229
7200,1589,229
7200,1890,229
7200,2191,230
7200,2491,230
7200,2792,231
7200,3092,232
7200,3392,232
7200,3693,231
7200,3993,233
7200,4294,235
7200,4595,236
7200,4895,237
7200,5195,237
7200,5496,237
7200,5796,236
7200,6096,236
7200,6398,236
7200,6698,235
7200,6998,233
7200,7299,233
7200,7599,231
7200,7899,230
7200,8200,232
7200,8501,230
7200,8802,229
7200,9102,230
7200,9402,230
7200,9702,229
7200,10003,230
7200,10303,231
7200,10605,231
7200,10905,230
7200,11205,230
7200,11506,231
7306,11700,229
7500,11594,231
7500,11294,231
7500,10992,230
7500,10692,232
7500,10391,231
7500,10091,229
7500,9791,229
7500,9490,229
7500,9190,231
7500,8889,231
7500,8587,231
7500,8287,231
7500,7986,231
7500,7686,232
7500,7386,232
7500,7086,234
7500,6785,235
7500,6484,237
7500,6183,236
7500,5883,237
7500,5583,237
7500,5282,236
7500,4982,236
7500,4682,235
7500,4380,234
7500,4080,232
7500,3780,230
7500,3479,229
7500,3179,230
7500,2879,230
7500,2578,229
7500,2277,229
7500,1977,227
7500,1676,228
7500,1376,227
7500,1076,229
7500,775,228
7500,475,226
7500,174,227
7627,0,226
7800,127,225
7800,427,227
7800,728,227
7800,1028,227
7800,1328,225
7800,1630,226
7800,1930,228
7800,2230,229
7800,2531,227
7800,2831,227
7800,3131,228
7800,3432,228
7800,3733,229
7800,4034,231
7800,4334,233
7800,4634,234
7800,4934,236
7800,5235,236
7800,5535,237
7800,5837,237
7800,6137,236
7800,6437,235
7800,6738,235
7800,7038,234
7800,7338,232
7800,7638,232
7800,7940,231
7800,8242,231
7800,8542,231
7800,8842,230
7800,9142,230
7800,9443,229
7800,9743,229
7800,10043,228
7800,10345,229
7800,10645,229
7800,10946,229
7800,11246,229
7800,11546,229
7946,11700,229
8100,11553,230
8100,11252,228
8100,10951,228
8100,10651,227
8100,10351,228
8100,10050,227
8100,9750,229
8100,9450,230
8100,9148,231
8100,8848,231
8100,8548,230
8100,8247,231
8100,7947,233
8100,7647,234
8100,7346,234
8100,7045,233
8100,6745,235
8100,6444,235
8100,6144,236
8100,5844,236
8100,5543,235
8100,5243,235
8100,4942,234
8100,4641,232
8100,4341,231
8100,4041,231
8100,3740,228
8100,3440,227
8100,3140,227
8100,2838,226
8100,2538,226
8100,2238,225
8100,1937,225
8100,1637,226
8100,1337,225
8100,1036,226
8100,735,227
8100,433,226
8100,133,225
8267,0,224
8400,168,226
8400,468,224
8400,768,224
8400,1069,225
8400,1370,224
8400,1670,225
8400,1971,224
8400,2271,225
8400,2571,225
8400,2872,226
8400,3172,227
8400,3474,227
8400,3774,229
8400,4074,231
8400,4374,231
8400,4675,233
8400,4975,234
8400,5275,234
8400,5577,235
8400,5877,234
8400,6178,233
8400,6478,234
8400,6778,233
8400,7078,234
8400,7379,235
8400,7680,234
8400,7981,232
8400,8281,232
8400,8581,231
8400,8882,231
8400,9182,229
8400,9482,229
8400,9784,229
8400,10084,228
8400,10384,228
8400,10685,228
8400,10985,228
8400,11285,229
8400,11586,229
8587,11700,228
8700,11513,227
8700,11212,229
8700,10912,228
8700,10612,229
8700,10311,228
8700,10011,226
8700,9710,229
8700,9409,229
8700,9109,230
8700,8809,231
8700,8508,232
8700,8208,232
8700,7908,233
8700,7606,235
8700,7305,235
8700,7004,234
8700,6704,233
8700,6404,233
8700,6103,233
8700,5803,232
8700,5503,234
8700,5201,232
8700,4901,230
8700,4601,230
8700,4300,229
8700,4000,228
8700,3700,228
8700,3399,227
8700,3098,226
8700,2798,224
8700,2497,224
8700,2197,223
8700,1897,223
8700,1596,223
8700,1296,224
8700,994,223
8700,694,224
8700,394,225
8700,94,224
8907,0,225
9000,207,225
9000,507,225
9000,809,225
9000,1109,226
9000,1410,225
9000,1710,224
9000,2010,225
9000,2310,223
9000,2611,225
9000,2912,227
9000,3213,229
9000,3513,229
9000,3813,230
9000,4114,229
9000,4414,230
9000,4714,231
9000,5016,231
9000,5316,231
9000,5616,233
9000,5917,231
9000,6217,233
9000,6517,231
9000,6818,232
9000,7119,235
9000,7421,233
9000,7721,233
9000,8021,233
9000,8322,231
9000,8622,232
9000,8922,232
9000,9222,230
9000,9524,231
9000,9824,229
9000,10125,231
9000,10425,230
9000,10725,230
9000,11026,230
9000,11326,229
9000,11627,228
9227,11700,229
9300,11472,230
9300,11172,231
9300,10871,231
9300,10571,229
9300,10271,231
9300,9969,231
9300,9669,230
9300,9369,232
9300,9068,233
9300,8768,233
9300,8468,232
9300,8167,233
9300,7866,232
9300,7566,233
9300,7265,232
9300,6965,232
9300,6665,232
9300,6364,232
9300,6064,231
9300,5762,231
9300,5462,230
9300,5162,230
9300,4862,232
9300,4561,231
9300,4261,229
9300,3961,231
9300,3659,229
9300,3359,227
9300,3058,228
9300,2758,225
9300,2458,225
9300,2158,225
9300,1857,226
9300,1556,227
9300,1255,226
9300,955,227
9300,655,226
9300,354,226
9300,54,226
9546,0,227
9600,248,226
9600,549,227
9600,850,228
9600,1150,227
9600,1450,229
9600,1750,227
9600,2051,228
9600,2351,229
9600,2653,229
9600,2953,230
9600,3253,231
9600,3554,231
9600,3854,230
9600,4154,232
9600,4454,231
9600,4756,230
9600,5056,230
9600,5357,229
9600,5657,231
9600,5957,233
9600,6258,231
9600,6558,231
9600,6859,233
9600,7160,233
9600,7460,233
9600,7760,234
9600,8061,233
9600,8361,233
9600,8661,232
9600,8963,231
9600,9263,232
9600,9563,233
9600,9864,232
9600,10164,233
9600,10464,234
9600,10765,232
9600,11066,232
9600,11366,231
9600,11667,231
9867,11700,232
9900,11433,234
9900,11132,234
9900,10832,235
9900,10530,235
9900,10230,235
9900,9930,234
9900,9630,233
9900,9329,233
9900,9029,232
9900,8729,233
9900,8427,234
9900,8126,235
9900,7825,236
9900,7525,236
9900,7225,234
9900,6924,235
9900,6624,232
9900,6324,233
9900,6022,233
9900,5722,233
9900,5422,232
9900,5121,230
9900,4821,233
9900,4521,233
9900,4220,232
9900,3919,233
9900,3618,233
9900,3318,232
9900,3018,231
9900,2718,230
9900,2417,231
9900,2117,230
9900,1815,227
9900,1515,229
9900,1215,230
9900,914,230
9900,614,230
9900,314,230
9900,14,231
10188,0,232
10200,288,231
10200,589,230
10200,889,229
10200,1189,229
10200,1490,231
10200,1790,231
10200,2091,232
10200,2392,233
10200,2692,233
10200,2992,235
10200,3293,234
10200,3593,234
10200,3893,235
10200,4195,233
10200,4495,235
10200,4795,234
10200,5096,234
10200,5396,235
10200,5696,236
10200,5997,234
10200,6298,236
10200,6599,236
10200,6899,236
10200,7199,238
10200,7499,237
10200,7800,237
10200,8100,236
10200,8402,236
10200,8703,234
10200,9003,234
10200,9304,234
10200,9604,237
10200,9904,239
10200,10205,238
10200,10505,238
10200,10806,237
10200,11107,237
10200,11407,237
10207,11700,237
10500,11692,239
10500,11392,240
10500,11092,238
10500,10790,238
10500,10490,239
10500,10190,239
10500,9889,239
10500,9589,236
10500,9289,234
10500,8988,235
10500,8687,234
10500,8386,235
10500,8086,235
10500,7786,236
10500,7486,238
10500,7185,238
10500,6885,236
10500,6583,236
10500,6283,237
10500,5983,235
10500,5682,236
10500,5382,236
10500,5082,236
10500,4782,236
10500,4480,235
10500,4180,236
10500,3879,236
10500,3579,237
10500,3279,235
10500,2978,234
10500,2678,232
10500,2377,233
10500,2076,231
10500,1776,230
10500,1476,230
10500,1175,230
10500,875,230
10500,575,231
10500,273,233
10528,0,234
10800,29,233
10800,329,232
10800,629,230
10800,930,229
10800,1230,231
10800,1530,231
10800,1832,230
10800,2132,232
10800,2432,234
10800,2733,236
10800,3033,236
10800,3333,237
10800,3634,237
10800,3935,236
10800,4235,237
10800,4536,237
10800,4836,237
10800,5136,237
10800,5437,236
10800,5737,236
10800,6038,238
10800,6339,238
10800,6639,237
10800,6939,239
10800,7240,239
10800,7540,237
10800,7840,235
10800,8142,235
10800,8442,235
10800,8742,236
10800,9043,236
10800,9343,238
10800,9643,240
10800,9944,241
10800,10245,240
10800,10546,239
10800,10846,240
10800,11146,241
10800,11446,239
10847,11700,240
11100,11653,241
11100,11351,241
11100,11051,241
11100,10751,239
11100,10450,241
11100,10150,240
11100,9850,241
11100,9550,238
11100,9248,237
11100,8948,235
11100,8647,237
11100,8347,237
11100,8047,237
11100,7746,238
11100,7446,239
11100,7145,239
11100,6843,239
11100,6543,238
11100,6242,237
11100,5942,237
11100,5642,237
11100,5342,238
11100,5041,238
11100,4740,238
11100,4439,236
11100,4139,237
11100,3839,237
11100,3538,236
11100,3238,236
11100,2938,233
11100,2636,231
11100,2336,230
11100,2036,232
11100,1735,232
11100,1435,231
11100,1135,231
11100,834,232
11100,533,232
11100,233,232
11167,0,233
11400,68,234
11400,368,231
11400,669,231
11400,969,231
11400,1270,231
11400,1571,231
11400,1871,231
11400,2171,231
11400,2472,232
11400,2772,234
11400,3072,235
11400,3374,237
11400,3674,238
11400,3974,238
11400,4275,239
11400,4575,236
11400,4875,238
11400,5176,238
11400,5477,238
11400,5778,239
11400,6078,239
11400,6378,238
11400,6678,238
11400,6979,241
11400,7279,239
11400,7581,238
11400,7882,236
11400,8182,236
11400,8483,237
11400,8783,236
11400,9083,238
11400,9384,240
11400,9684,241
11400,9986,242
11400,10286,240
11400,10586,241
11400,10886,238
11400,11187,240
11400,11487,240
11487,11700,240
11700,11611,241
11700,11311,241
11700,11010,241
11700,10710,241
11700,10410,242
11700,10110,242
11700,9809,240
11700,9508,239
11700,9207,237
11700,8907,236
11700,8607,236
11700,8306,237
11700,8006,238
11700,7706,239
11700,7404,240
11700,7104,240
11700,6804,239
11700,6503,239
11700,6203,239
11700,5903,239
11700,5602,239
11700,5301,239
11700,5001,239
11700,4700,238
11700,4400,238
11700,4100,238
11700,3799,237
11700,3499,236
11700,3198,234
11700,2897,233
11700,2597,232
11700,2297,231
11700,1996,232
11700,1696,232
11700,1396,232
11700,1094,234
11700,794,234
11700,494,233
11700,193,234
11807,0,235
12000,107,235
12000,408,235
12000,709,235
12000,1011,232
12000,1311,231
12000,1611,231
12000,1912,233
12000,2212,234
12000,2512,234
12000,2813,234
12000,3114,235
12000,3414,237
12000,3715,238
12000,4015,238
12000,4315,238
12000,4616,238
12000,4916,240
12000,5218,239
12000,5518,240
12000,5818,239
12000,6118,239
12000,6419,238
12000,6719,240
12000,7019,240
12000,7321,239
12000,7621,239
12000,7922,236
12000,8222,236
12000,8522,238
12000,8822,237
12000,9123,239
12000,9424,242
12000,9725,241
12000,10025,241
12000,10325,241
12000,10626,241
12000,10926,240
12000,11226,241
12000,11528,241
12128,11700,242
12300,11572,241
12300,11271,241
12300,10971,241
12300,10671,240
12300,10370,241
12300,10069,241
12300,9769,240
12300,9468,240
12300,9168,239
12300,8868,238
12300,8567,237
12300,8267,238
12300,7966,239
12300,7664,240
12300,7364,240
12300,7063,239
12300,6763,239
12300,6463,238
12300,6162,240
12300,5862,239
12300,5561,239
12300,5260,241
12300,4960,239
12300,4660,239
12300,4359,239
12300,4059,236
12300,3759,236
12300,3457,235
12300,3157,234
12300,2857,233
12300,2556,234
12300,2256,233
12300,1956,232
12300,1655,231
12300,1354,233
12300,1054,235
12300,753,234
12300,453,235
12300,153,234
12447,0,236
12600,148,237
12600,450,235
12600,750,234
12600,1050,234
12600,1350,232
12600,1651,232
12600,1951,234
12600,2251,234
12600,2553,234
12600,2853,235
12600,3154,235
12600,3454,237
12600,3754,237
12600,4054,238
12600,4355,239
12600,4656,239
12600,4957,239
12600,5257,238
12600,5557,238
12600,5858,240
12600,6158,238
12600,6458,239
12600,6760,239
12600,7060,241
12600,7360,240
12600,7661,239
12600,7961,237
12600,8261,238
12600,8562,238
12600,8863,240
12600,9165,240
12600,9465,241
12600,9765,241
12600,10066,242
12600,10366,240
12600,10666,240
12600,10966,241
12600,11268,241
12600,11568,242
12768,11700,242
12900,11531,240
12900,11231,241
12900,10930,240
12900,10630,242
12900,10329,242
12900,10028,242
12900,9728,241
12900,9428,240
12900,9127,240
12900,8827,241
12900,8527,238
12900,8225,238
12900,7925,239
12900,7625,238
12900,7324,238
12900,7024,239
12900,6724,239
12900,6423,239
12900,6122,238
12900,5822,238
12900,5521,239
12900,5221,240
12900,4921,238
12900,4620,239
12900,4320,237
12900,4018,238
12900,3718,236
12900,3418,235
12900,3118,234
12900,2817,235
12900,2517,235
12900,2217,234
12900,1915,235
12900,1615,233
12900,1314,234
12900,1014,236
12900,714,235
12900,414,237
12900,113,236
13088,0,239
13200,190,238
13200,490,236
13200,790,235
13200,1091,236
13200,1391,236
13200,1691,236
13200,1992,235
13200,2293,236
13200,2594,235
13200,2894,237
13200,3194,235
13200,3494,236
13200,3795,237
13200,4095,238
13200,4397,239
13200,4697,239
13200,4997,239
13200,5298,238
13200,5598,238
13200,5898,237
13200,6198,238
13200,6500,238
13200,6800,237
13200,7101,237
13200,7401,238
13200,7701,238
13200,8002,239
13200,8302,239
13200,8603,240
13200,8904,240
13200,9204,241
13200,9504,243
13200,9805,243
13200,10105,242
13200,10405,242
13200,10707,241
13200,11007,240
13200,11307,241
13200,11608,240