0,3,304
0,305,295
0,605,279
0,905,262
0,1206,281
0,1506,310
0,1806,320
0,2106,323
0,2408,320
0,2708,316
0,3009,299
0,3309,292
0,3609,300
0,3910,291
0,4210,286
0,4511,308
0,4812,312
0,5112,308
0,5412,296
0,5713,290
0,6013,284
0,6313,278
0,6615,276
0,6916,278
0,7217,281
0,7517,278
0,7817,275
0,8118,284
0,8418,293
0,8718,295
0,9020,299
0,9320,303
0,9620,306
0,9921,311
0,10221,309
0,10521,305
0,10822,297
0,11123,286
0,11423,274
24,11700,271
300,11676,278
300,11376,289
300,11075,300
300,10775,306
300,10473,311
300,10173,310
300,9873,304
300,9573,302
300,9272,299
300,8972,297
300,8672,288
300,8370,278
300,8070,271
300,7769,279
300,7469,282
300,7169,276
300,6869,278
300,6568,284
300,6267,283
300,5966,291
300,5666,299
300,5366,311
300,5065,315
300,4765,304
300,4465,282
300,4163,295
300,3863,296
300,3563,287
300,3262,304
300,2962,318
300,2662,320
300,2361,321
300,2060,319
300,1758,303
300,1458,274
300,1158,265
300,857,284
300,557,299
300,257,304
343,0,304
600,45,304
600,345,296
600,646,270
600,946,269
600,1246,283
600,1547,291
600,1847,313
600,2148,320
600,2449,318
600,2749,317
600,3049,311
600,3350,295
600,3650,291
600,3950,294
600,4252,289
600,4552,310
600,4852,316
600,5153,311
600,5453,302
600,5753,292
600,6054,284
600,6355,283
600,6655,275
600,6956,270
600,7256,270
600,7556,270
600,7857,267
600,8157,274
600,8459,286
600,8759,299
600,9059,303
600,9359,306
600,9660,309
600,9960,312
600,10260,310
600,10562,309
600,10862,299
600,11163,287
600,11463,279
663,11700,275
900,11637,279
900,11336,288
900,11035,300
900,10734,308
900,10434,312
900,10134,312
900,9833,308
900,9533,307
900,9233,305
900,8931,296
900,8630,279
900,8329,275
900,8029,265
900,7729,261
900,7429,267
900,7128,268
900,6828,273
900,6526,280
900,6226,287
900,5926,298
900,5625,308
900,5325,313
900,5025,316
900,4725,311
900,4423,297
900,4123,299
900,3822,295
900,3522,308
900,3222,320
900,2921,321
900,2621,321
900,2320,315
900,2019,304
900,1719,283
900,1419,275
900,1118,260
900,818,284
900,518,299
900,216,304
984,0,300
1200,84,299
1200,385,298
1200,685,293
1200,985,278
1200,1286,275
1200,1587,278
1200,1888,280
1200,2188,294
1200,2488,316
1200,2788,322
1200,3089,320
1200,3389,320
1200,3691,312
1200,3991,314
1200,4291,316
1200,4592,319
1200,4892,319
1200,5192,317
1200,5492,309
1200,5794,301
1200,6096,291
1200,6396,278
1200,6696,269
1200,6996,259
1200,7297,248
1200,7597,250
1200,7897,266
1200,8199,278
1200,8499,289
1200,8800,304
1200,9100,306
1200,9400,305
1200,9700,312
1200,10001,314
1200,10302,309
1200,10603,302
1200,10903,292
1200,11203,280
1200,11504,270
1304,11700,267
1500,11596,276
1500,11294,289
1500,10994,297
1500,10694,309
1500,10393,312
1500,10093,309
1500,9793,304
1500,9492,300
1500,9191,307
1500,8891,301
1500,8590,287
1500,8290,274
1500,7990,249
1500,7689,243
1500,7389,247
1500,7088,259
1500,6787,277
1500,6487,287
1500,6187,301
1500,5886,308
1500,5586,314
1500,5286,317
1500,4984,317
1500,4684,323
1500,4384,320
1500,4083,320
1500,3783,320
1500,3483,322
1500,3182,323
1500,2881,303
1500,2580,257
1500,2280,248
1500,1980,262
1500,1680,274
1500,1379,283
1500,1079,291
1500,777,295
1500,476,295
1500,176,291
1625,0,282
1800,125,270
1800,425,278
1800,726,292
1800,1026,289
1800,1328,276
1800,1628,262
1800,1928,228
1800,2228,197
1800,2529,171
1800,2829,209
1800,3129,320
1800,3431,324
1800,3731,325
1800,4032,323
1800,4332,323
1800,4632,322
1800,4932,320
1800,5233,319
1800,5534,315
1800,5835,309
1800,6135,295
1800,6435,285
1800,6736,266
1800,7036,247
1800,7336,256
1800,7638,256
1800,7938,271
1800,8238,296
1800,8539,304
1800,8839,303
1800,9139,297
1800,9440,292
1800,9741,296
1800,10041,305
1800,10342,312
1800,10642,304
1800,10942,302
1800,11243,295
1800,11543,279
1944,11700,284
2100,11555,297
2100,11255,304
2100,10955,304
2100,10654,311
2100,10354,304
2100,10054,289
2100,9752,285
2100,9451,292
2100,9150,298
2100,8850,303
2100,8550,302
2100,8249,283
2100,7949,261
2100,7649,258
2100,7347,249
2100,7047,270
2100,6747,291
2100,6446,296
2100,6146,306
2100,5846,314
2100,5545,317
2100,5244,323
2100,4944,322
2100,4643,323
2100,4343,324
2100,4043,324
2100,3742,323
2100,3442,202
2100,3140,83
2100,2840,132
2100,2540,187
2100,2240,216
2100,1939,255
2100,1639,274
2100,1339,289
2100,1037,293
2100,737,250
2100,436,222
2100,136,231
2264,0,186
2400,164,199
2400,465,194
2400,766,258
2400,1067,299
2400,1367,294
2400,1667,277
2400,1968,253
2400,2268,218
2400,2568,181
2400,2870,111
2400,3170,102
2400,3470,324
2400,3771,324
2400,4071,325
2400,4371,324
2400,4672,321
2400,4973,322
2400,5273,318
2400,5574,318
2400,5874,308
2400,6174,302
2400,6475,296
2400,6775,284
2400,7076,269
2400,7378,262
2400,7678,272
2400,7979,289
2400,8279,298
2400,8579,300
2400,8880,293
2400,9180,284
2400,9481,287
2400,9782,287
2400,10082,293
2400,10382,309
2400,10683,313
2400,10983,308
2400,11283,307
2400,11585,299
2585,11700,306
2700,11515,309
2700,11214,312
2700,10914,314
2700,10614,308
2700,10313,291
2700,10012,293
2700,9712,291
2700,9411,282
2700,9111,291
2700,8811,302
2700,8510,295
2700,8210,287
2700,7908,285
2700,7608,282
2700,7308,282
2700,7008,291
2700,6707,299
2700,6407,305
2700,6107,312
2700,5805,318
2700,5505,320
2700,5204,321
2700,4904,324
2700,4604,324
2700,4304,325
2700,4003,324
2700,3702,324
2700,3401,324
2700,3101,320
2700,2801,306
2700,2500,298
2700,2200,302
2700,1900,308
2700,1598,310
2700,1297,300
2700,996,250
2700,696,190
2700,396,201
2700,96,195
2905,0,218
3000,205,218
3000,507,252
3000,807,286
3000,1107,299
3000,1408,320
3000,1708,325
3000,2008,324
3000,2308,325
3000,2610,324
3000,2910,325
3000,3211,326
3000,3511,324
3000,3811,321
3000,4112,322
3000,4412,322
3000,4713,320
3000,5014,319
3000,5314,320
3000,5614,316
3000,5915,314
3000,6215,306
3000,6515,299
3000,6817,293
3000,7117,288
3000,7417,288
3000,7718,286
3000,8018,286
3000,8318,288
3000,8619,296
3000,8920,296
3000,9220,285
3000,9521,291
3000,9821,298
3000,10121,302
3000,10422,312
3000,10722,316
3000,11024,313
3000,11324,315
3000,11624,315
3224,11700,314
3300,11475,316
3300,11175,314
3300,10875,316
3300,10573,312
3300,10273,300
3300,9972,294
3300,9672,291
3300,9372,291
3300,9072,293
3300,8771,285
3300,8470,281
3300,8168,284
3300,7868,285
3300,7568,283
3300,7267,288
3300,6967,295
3300,6667,301
3300,6366,311
3300,6065,314
3300,5764,316
3300,5464,317
3300,5164,318
3300,4864,320
3300,4563,320
3300,4263,322
3300,3961,322
3300,3661,323
3300,3361,323
3300,3060,324
3300,2760,324
3300,2460,324
3300,2160,324
3300,1858,324
3300,1558,320
3300,1257,299
3300,957,296
3300,657,290
3300,356,276
3300,56,283
3545,0,295
3600,246,294
3600,546,297
3600,846,303
3600,1147,314
3600,1447,325
3600,1747,323
3600,2049,320
3600,2349,322
3600,2649,321
3600,2950,322
3600,3250,321
3600,3550,320
3600,3851,319
3600,4152,318
3600,4452,317
3600,4753,315
3600,5053,315
3600,5353,313
3600,5654,312
3600,5954,311
3600,6256,307
3600,6557,300
3600,6857,294
3600,7158,281
3600,7458,276
3600,7758,275
3600,8059,273
3600,8359,270
3600,8660,266
3600,8961,245
3600,9261,251
3600,9561,291
3600,9862,306
3600,10162,308
3600,10462,308
3600,10764,311
3600,11064,310
3600,11364,308
3600,11665,308
3865,11700,304
3900,11435,307
3900,11134,306
3900,10833,305
3900,10532,304
3900,10232,306
3900,9932,294
3900,9632,253
3900,9331,248
3900,9031,230
3900,8729,256
3900,8429,262
3900,8129,264
3900,7828,268
3900,7528,274
3900,7228,286
3900,6928,295
3900,6626,301
3900,6326,305
3900,6025,308
3900,5725,311
3900,5425,311
3900,5124,312
3900,4824,314
3900,4523,315
3900,4222,316
3900,3922,316
3900,3622,318
3900,3321,316
3900,3021,317
3900,2721,318
3900,2419,317
3900,2119,320
3900,1819,320
3900,1518,321
3900,1218,319
3900,918,309
3900,617,307
3900,316,315
3900,14,320
4186,0,323
4200,286,323
4200,587,321
4200,887,321
4200,1187,320
4200,1488,317
4200,1789,316
4200,2089,314
4200,2390,314
4200,2690,314
4200,2990,312
4200,3291,312
4200,3591,312
4200,3892,312
4200,4193,311
4200,4493,312
4200,4793,310
4200,5094,308
4200,5394,307
4200,5694,304
4200,5996,302
4200,6296,298
4200,6596,291
4200,6897,286
4200,7197,275
4200,7497,264
4200,7798,258
4200,8099,258
4200,8400,256
4200,8700,232
4200,9000,213
4200,9300,228
4200,9601,283
4200,9901,303
4200,10203,304
4200,10503,302
4200,10803,301
4200,11104,299
4200,11404,296
4204,11700,295
4500,11696,293
4500,11394,296
4500,11094,298
4500,10793,298
4500,10493,299
4500,10193,299
4500,9892,297
4500,9592,258
4500,9291,224
4500,8989,237
4500,8689,251
4500,8388,250
4500,8088,249
4500,7788,255
4500,7488,267
4500,7187,276
4500,6886,287
4500,6585,293
4500,6285,300
4500,5985,300
4500,5684,304
4500,5384,306
4500,5084,308
4500,4782,310
4500,4482,312
4500,4182,310
4500,3881,309
4500,3581,309
4500,3281,309
4500,2980,308
4500,2679,309
4500,2379,310
4500,2078,310
4500,1778,315
4500,1478,316
4500,1177,320
4500,877,323
4500,576,324
4500,275,324
4525,0,324
4800,25,323
4800,326,320
4800,626,319
4800,926,317
4800,1228,312
4800,1528,308
4800,1828,301
4800,2129,295
4800,2429,297
4800,2729,297
4800,3030,299
4800,3331,300
4800,3632,303
4800,3932,304
4800,4232,306
4800,4532,307
4800,4833,308
4800,5133,304
4800,5435,301
4800,5735,297
4800,6035,294
4800,6336,289
4800,6636,278
4800,6936,268
4800,7236,255
4800,7538,241
4800,7840,232
4800,8140,232
4800,8440,238
4800,8740,254
4800,9041,270
4800,9341,277
4800,9641,291
4800,9943,290
4800,10243,292
4800,10544,295
4800,10844,295
4800,11144,294
4800,11444,287
4845,11700,287
5100,11654,289
5100,11353,292
5100,11053,292
5100,10753,291
5100,10452,286
5100,10152,282
5100,9852,284
5100,9550,278
5100,9250,270
5100,8950,246
5100,8649,225
5100,8349,232
5100,8049,228
5100,7748,236
5100,7447,253
5100,7147,268
5100,6846,278
5100,6546,285
5100,6246,291
5100,5945,294
5100,5645,299
5100,5344,302
5100,5043,304
5100,4743,307
5100,4443,302
5100,4142,297
5100,3842,291
5100,3542,291
5100,3240,289
5100,2940,282
5100,2640,279
5100,2339,287
5100,2039,295
5100,1739,304
5100,1438,312
5100,1137,316
5100,835,319
5100,535,320
5100,235,322
5165,0,320
5400,66,319
5400,366,318
5400,667,316
5400,968,312
5400,1268,306
5400,1569,292
5400,1869,273
5400,2169,269
5400,2470,274
5400,2770,262
5400,3072,255
5400,3372,254
5400,3672,260
5400,3972,277
5400,4273,292
5400,4573,301
5400,4873,299
5400,5175,299
5400,5475,293
5400,5776,288
5400,6076,283
5400,6376,274
5400,6676,265
5400,6977,253
5400,7278,233
5400,7579,220
5400,7879,218
5400,8179,229
5400,8480,240
5400,8780,255
5400,9080,272
5400,9382,276
5400,9682,274
5400,9982,272
5400,10283,277
5400,10583,287
5400,10883,291
5400,11184,295
5400,11485,291
5485,11700,289
5700,11614,294
5700,11314,295
5700,11014,288
5700,10713,279
5700,10413,274
5700,10112,274
5700,9811,266
5700,9511,273
5700,9211,274
5700,8910,263
5700,8610,253
5700,8310,227
5700,8008,216
5700,7707,218
5700,7406,234
5700,7106,252
5700,6806,265
5700,6505,273
5700,6205,280
5700,5905,286
5700,5603,291
5700,5303,295
5700,5003,294
5700,4702,287
5700,4402,267
5700,4102,238
5700,3801,210
5700,3500,195
5700,3200,211
5700,2899,246
5700,2599,258
5700,2299,255
5700,1998,265
5700,1698,287
5700,1396,306
5700,1096,312
5700,796,316
5700,496,317
5700,195,318
5805,0,317
6000,105,316
6000,407,316
6000,707,315
6000,1008,308
6000,1308,303
6000,1608,275
6000,1908,270
6000,2209,257
6000,2510,247
6000,2811,211
6000,3111,203
6000,3411,191
6000,3712,210
6000,4012,233
6000,4312,262
6000,4614,281
6000,4914,289
6000,5214,287
6000,5515,283
6000,5815,273
6000,6115,267
6000,6416,262
6000,6717,253
6000,7019,237
6000,7319,242
6000,7619,232
6000,7920,238
6000,8220,253
6000,8520,261
6000,8820,274
6000,9122,276
6000,9422,262
6000,9723,259
6000,10023,268
6000,10323,276
6000,10624,285
6000,10924,297
6000,11225,299
6000,11526,297
6126,11700,302
6300,11574,301
6300,11273,300
6300,10973,292
6300,10673,282
6300,10371,266
6300,10071,255
6300,9771,262
6300,9470,274
6300,9170,279
6300,8870,273
6300,8569,265
6300,8268,258
6300,7968,242
6300,7667,248
6300,7367,243
6300,7067,256
6300,6766,257
6300,6466,257
6300,6164,263
6300,5864,274
6300,5564,280
6300,5264,284
6300,4963,283
6300,4663,274
6300,4363,251
6300,4061,220
6300,3761,205
6300,3460,201
6300,3160,207
6300,2860,253
6300,2560,267
6300,2259,261
6300,1958,278
6300,1657,301
6300,1357,308
6300,1057,313
6300,756,313
6300,456,313
6300,156,315
6445,0,314
6600,147,314
6600,448,314
6600,748,310
6600,1048,309
6600,1348,304
6600,1649,294
6600,1949,290
6600,2251,294
6600,2551,289
6600,2851,258
6600,3152,216
6600,3452,214
6600,3752,231
6600,4052,263
6600,4354,283
6600,4654,287
6600,4955,282
6600,5255,272
6600,5555,262
6600,5856,241
6600,6156,237
6600,6457,249
6600,6758,264
6600,7058,268
6600,7358,259
6600,7659,266
6600,7959,280
6600,8259,285
6600,8561,287
6600,8861,283
6600,9161,276
6600,9462,276
6600,9762,271
6600,10062,263
6600,10363,283
6600,10664,295
6600,10964,304
6600,11265,306
6600,11565,305
6765,11700,308
6900,11534,310
6900,11234,308
6900,10932,304
6900,10632,295
6900,10332,278
6900,10032,278
6900,9731,277
6900,9431,277
6900,9131,287
6900,8829,292
6900,8528,294
6900,8227,293
6900,7927,280
6900,7627,274
6900,7326,278
6900,7026,273
6900,6726,249
6900,6424,244
6900,6124,248
6900,5824,246
6900,5523,262
6900,5223,275
6900,4923,289
6900,4622,291
6900,4321,282
6900,4020,274
6900,3720,265
6900,3420,276
6900,3120,293
6900,2819,297
6900,2519,297
6900,2217,292
6900,1917,294
6900,1617,299
6900,1316,305
6900,1016,312
6900,716,312
6900,416,312
6900,114,312
7086,0,312
7200,187,314
7200,487,312
7200,787,307
7200,1088,303
7200,1388,295
7200,1689,291
7200,1990,290
7200,2290,295
7200,2590,298
7200,2891,302
7200,3191,302
7200,3491,302
7200,3793,303
7200,4093,304
7200,4393,302
7200,4694,290
7200,4994,273
7200,5294,267
7200,5595,248
7200,5896,261
7200,6196,265
7200,6497,274
7200,6797,286
7200,7097,287
7200,7398,286
7200,7698,293
7200,8000,299
7200,8301,298
7200,8601,293
7200,8902,292
7200,9202,292
7200,9502,287
7200,9803,291
7200,10103,297
7200,10404,308
7200,10705,312
7200,11005,312
7200,11305,310
7200,11606,310
7406,11700,309
7500,11494,312
7500,11192,315
7500,10892,316
7500,10592,315
7500,10291,310
7500,9991,308
7500,9691,303
7500,9390,299
7500,9089,289
7500,8788,287
7500,8488,292
7500,8188,299
7500,7888,298
7500,7587,295
7500,7287,295
7500,6985,294
7500,6685,292
7500,6385,282
7500,6084,270
7500,5784,270
7500,5484,285
7500,5184,280
7500,4882,295
7500,4582,305
7500,4281,312
7500,3981,311
7500,3681,310
7500,3380,309
7500,3080,304
7500,2779,295
7500,2478,293
7500,2178,291
7500,1878,290
7500,1577,292
7500,1277,300
7500,977,306
7500,675,312
7500,374,313
7500,73,316
7727,0,314
7800,227,312
7800,528,308
7800,828,298
7800,1128,295
7800,1430,292
7800,1730,292
7800,2030,291
7800,2331,291
7800,2631,297
7800,2931,308
7800,3232,312
7800,3533,313
7800,3833,312
7800,4134,312
7800,4434,310
7800,4734,306
7800,5035,297
7800,5335,291
7800,5636,297
7800,5937,300
7800,6237,304
7800,6537,302
7800,6838,304
7800,7138,303
7800,7438,304
7800,7740,304
7800,8040,293
7800,8340,291
7800,8641,296
7800,8941,291
7800,9241,301
7800,9542,312
7800,9843,317
7800,10144,318
7800,10444,317
7800,10744,316
7800,11044,316
7800,11345,313
7800,11645,310
8046,11700,313
8100,11453,316
8100,11153,317
8100,10852,317
8100,10552,317
8100,10252,318
8100,9952,318
8100,9650,313
8100,9350,297
8100,9049,301
8100,8749,300
8100,8449,294
8100,8148,299
8100,7848,309
8100,7547,308
8100,7245,310
8100,6945,308
8100,6644,307
8100,6344,308
8100,6044,308
8100,5744,309
8100,5443,309
8100,5142,312
8100,4841,314
8100,4541,315
8100,4241,314
8100,3940,314
8100,3640,315
8100,3340,312
8100,3038,312
8100,2738,301
8100,2438,291
8100,2137,287
8100,1837,291
8100,1537,295
8100,1236,294
8100,935,297
8100,635,303
8100,334,312
8100,34,313
8366,0,309
8400,267,305
8400,567,294
8400,868,291
8400,1169,291
8400,1469,292
8400,1769,287
8400,2070,287
8400,2370,299
8400,2670,312
8400,2972,314
8400,3272,316
8400,3572,313
8400,3873,313
8400,4173,314
8400,4473,312
8400,4774,312
8400,5075,314
8400,5376,310
8400,5676,312
8400,5976,309
8400,6276,308
8400,6577,308
8400,6877,312
8400,7179,312
8400,7480,315
8400,7780,311
8400,8081,306
8400,8381,302
8400,8681,304
8400,8982,305
8400,9282,312
8400,9584,317
8400,9884,317
8400,10184,317
8400,10484,317
8400,10785,317
8400,11085,315
8400,11385,312
8400,11687,312
8687,11700,314
8700,11412,316
8700,11112,316
8700,10812,316
8700,10512,319
8700,10211,317
8700,9910,318
8700,9609,317
8700,9309,312
8700,9009,309
8700,8708,308
8700,8408,312
8700,8108,315
8700,7806,316
8700,7506,314
8700,7206,312
8700,6905,310
8700,6605,307
8700,6305,309
8700,6004,309
8700,5703,311
8700,5403,310
8700,5102,312
8700,4802,313
8700,4502,313
8700,4201,313
8700,3901,312
8700,3600,312
8700,3299,313
8700,2999,312
8700,2699,308
8700,2398,295
8700,2098,286
8700,1798,286
8700,1496,287
8700,1196,288
8700,896,287
8700,595,297
8700,295,303
8705,0,305
9000,6,304
9000,307,297
9000,609,289
9000,909,287
9000,1209,286
9000,1510,283
9000,1810,282
9000,2110,294
9000,2411,305
9000,2712,311
9000,3012,312
9000,3313,312
9000,3613,312
9000,3913,312
9000,4214,311
9000,4514,310
9000,4816,311
9000,5116,309
9000,5416,308
9000,5716,306
9000,6017,304
9000,6317,308
9000,6617,307
9000,6919,310
9000,7219,311
9000,7520,312
9000,7820,313
9000,8120,315
9000,8420,314
9000,8721,313
9000,9022,314
9000,9323,315
9000,9623,316
9000,9923,317
9000,10224,317
9000,10524,319
9000,10824,316
9000,11126,314
9000,11426,312
9026,11700,312
9300,11673,312
9300,11373,312
9300,11073,316
9300,10772,316
9300,10471,316
9300,10171,316
9300,9870,314
9300,9570,314
9300,9270,312
9300,8969,311
9300,8669,311
9300,8368,310
9300,8066,311
9300,7766,307
9300,7465,304
9300,7165,304
9300,6865,300
9300,6564,298
9300,6264,299
9300,5963,299
9300,5662,302
9300,5362,306
9300,5062,308
9300,4761,308
9300,4461,310
9300,4161,310
9300,3859,309
9300,3559,308
9300,3259,308
9300,2958,307
9300,2658,304
9300,2358,295
9300,2057,287
9300,1756,283
9300,1456,284
9300,1155,287
9300,855,290
9300,555,299
9300,254,304
9346,0,304
9600,48,304
9600,348,299
9600,648,291
9600,948,288
9600,1249,285
9600,1549,283
9600,1849,285
9600,2151,293
9600,2451,299
9600,2752,303
9600,3052,303
9600,3352,302
9600,3652,304
9600,3953,304
9600,4254,304
9600,4555,303
9600,4855,301
9600,5155,301
9600,5456,296
9600,5756,294
9600,6056,291
9600,6358,290
9600,6658,291
9600,6958,295
9600,7259,297
9600,7559,298
9600,7859,299
9600,8160,298
9600,8461,301
9600,8763,306
9600,9063,307
9600,9363,307
9600,9664,307
9600,9964,310
9600,10264,312
9600,10564,314
9600,10866,314
9600,11166,312
9600,11467,308
9667,11700,306
9900,11633,306
9900,11332,309
9900,11032,312
9900,10731,311
9900,10430,309
9900,10130,305
9900,9830,303
9900,9529,301
9900,9229,298
9900,8929,294
9900,8627,289
9900,8327,287
9900,8027,285
9900,7726,283
9900,7426,284
9900,7126,283
9900,6825,280
9900,6524,278
9900,6224,281
9900,5923,288
9900,5623,294
9900,5323,299
9900,5022,297
9900,4722,299
9900,4420,298
9900,4120,299
9900,3820,295
9900,3520,295
9900,3219,295
9900,2919,297
9900,2619,294
9900,2317,289
9900,2017,285
9900,1716,286
9900,1416,287
9900,1116,291
9900,816,294
9900,515,299
9900,214,304
9988,0,303
10200,88,303
10200,388,301
10200,689,292
10200,989,288
10200,1289,286
10200,1590,283
10200,1891,285
10200,2192,286
10200,2492,289
10200,2792,287
10200,3092,285
10200,3393,276
10200,3693,277
10200,3995,284
10200,4295,291
10200,4595,291
10200,4896,291
10200,5196,286
10200,5496,274
10200,5797,258
10200,6098,257
10200,6398,255
10200,6699,262
10200,6999,267
10200,7299,267
10200,7600,262
10200,7900,256
10200,8201,259
10200,8502,267
10200,8802,274
10200,9102,283
10200,9403,291
10200,9703,296
10200,10003,302
10200,10305,305
10200,10605,308
10200,10905,308
10200,11206,307
10200,11506,302
10306,11700,301
10500,11593,304
10500,11292,306
10500,10992,308
10500,10691,304
10500,10391,301
10500,10091,295
10500,9790,288
10500,9490,278
10500,9188,265
10500,8888,253
10500,8588,236
10500,8288,229
10500,7987,244
10500,7687,254
10500,7387,254
10500,7085,247
10500,6784,235
10500,6483,235
10500,6183,226
10500,5883,224
10500,5582,262
10500,5282,283
10500,4982,286
10500,4680,286
10500,4380,274
10500,4080,268
10500,3779,263
10500,3479,268
10500,3179,277
10500,2878,281
10500,2577,282
10500,2276,282
10500,1976,279
10500,1676,283
10500,1376,285
10500,1075,289
10500,775,297
10500,473,303
10500,173,307
10627,0,309
10800,128,309
10800,428,304
10800,728,292
10800,1028,280
10800,1330,274
10800,1630,270
10800,1931,272
10800,2231,274
10800,2531,273
10800,2832,268
10800,3132,254
10800,3433,251
10800,3734,262
10800,4034,258
10800,4334,273
10800,4635,279
10800,4935,278
10800,5235,263
10800,5537,237
10800,5837,204
10800,6137,201
10800,6438,185
10800,6738,195
10800,7038,228
10800,7339,239
10800,7640,232
10800,7942,216
10800,8242,214
10800,8542,216
10800,8843,238
10800,9143,253
10800,9443,266
10800,9744,284
10800,10045,294
10800,10345,301
10800,10646,303
10800,10946,304
10800,11246,304
10800,11547,302
10947,11700,301
11100,11552,304
11100,11251,304
11100,10951,302
11100,10651,297
11100,10350,290
11100,10050,274
11100,9750,253
11100,9448,239
11100,9148,227
11100,8848,203
11100,8547,203
11100,8247,204
11100,7947,221
11100,7646,232
11100,7345,213
11100,7044,162
11100,6744,153
11100,6444,182
11100,6144,195
11100,5843,218
11100,5543,256
11100,5241,271
11100,4941,275
11100,4641,271
11100,4340,253
11100,4040,250
11100,3740,244
11100,3440,244
11100,3138,262
11100,2838,263
11100,2537,258
11100,2237,258
11100,1937,258
11100,1636,258
11100,1336,262
11100,1035,281
11100,734,298
11100,434,312
11100,134,312
11266,0,309
11400,167,302
11400,467,282
11400,769,252
11400,1070,224
11400,1371,186
11400,1671,175
11400,1971,195
11400,2272,224
11400,2572,245
11400,2872,250
11400,3174,243
11400,3474,243
11400,3774,237
11400,4075,249
11400,4375,266
11400,4675,268
11400,4976,259
11400,5277,248
11400,5577,224
11400,5878,193
11400,6178,156
11400,6478,131
11400,6779,152
11400,7079,184
11400,7380,224
11400,7681,215
11400,7981,193
11400,8281,184
11400,8582,186
11400,8882,208
11400,9182,216
11400,9484,228
11400,9784,249
11400,10084,274
11400,10385,293
11400,10685,299
11400,10985,304
11400,11286,306
11400,11587,304
11587,11700,306
11700,11512,307
11700,11212,306
11700,10912,299
11700,10611,287
11700,10311,253
11700,10009,228
11700,9709,212
11700,9409,203
11700,9108,195
11700,8808,177
11700,8508,186
11700,8208,199
11700,7906,214
11700,7604,220
11700,7304,187
11700,7004,149
11700,6704,135
11700,6403,171
11700,6103,192
11700,5803,221
11700,5501,237
11700,5201,244
11700,4900,254
11700,4600,250
11700,4300,241
11700,4000,237
11700,3699,244
11700,3398,241
11700,3097,249
11700,2797,234
11700,2497,211
11700,2196,166
11700,1896,154
11700,1596,170
11700,1294,204
11700,994,237
11700,694,267
11700,393,291
11700,93,291
11907,0,283
12000,208,278
12000,509,258
12000,809,234
12000,1110,183
12000,1410,144
12000,1710,153
12000,2011,163
12000,2311,207
12000,2612,237
12000,2913,252
12000,3213,247
12000,3513,232
12000,3814,224
12000,4114,214
12000,4414,204
12000,4716,220
12000,5016,226
12000,5316,215
12000,5617,203
12000,5917,182
12000,6217,181
12000,6518,174
12000,6819,198
12000,7120,220
12000,7420,228
12000,7720,221
12000,8020,197
12000,8321,179
12000,8621,180
12000,8923,190
12000,9224,198
12000,9524,199
12000,9825,235
12000,10125,254
12000,10425,281
12000,10726,303
12000,11026,307
12000,11328,309
12000,11628,306
12228,11700,309
12300,11472,311
12300,11171,307
12300,10871,301
12300,10571,276
12300,10269,256
12300,9969,229
12300,9668,205
12300,9368,195
12300,9068,189
12300,8768,193
12300,8467,193
12300,8166,211
12300,7865,236
12300,7565,237
12300,7265,221
12300,6964,205
12300,6664,185
12300,6364,182
12300,6062,191
12300,5762,198
12300,5462,207
12300,5161,228
12300,4861,201
12300,4561,211
12300,4260,196
12300,3959,214
12300,3659,233
12300,3358,249
12300,3058,249
12300,2758,233
12300,2457,190
12300,2157,153
12300,1856,146
12300,1555,171
12300,1255,220
12300,955,247
12300,654,262
12300,354,278
12300,54,275
12548,0,271
12600,249,258
12600,550,252
12600,850,235
12600,1150,222
12600,1451,209
12600,1751,194
12600,2051,201
12600,2353,215
12600,2653,232
12600,2953,235
12600,3254,223
12600,3554,217
12600,3854,206
12600,4155,178
12600,4456,186
12600,4756,216
12600,5057,210
12600,5357,201
12600,5657,192
12600,5958,199
12600,6258,206
12600,6560,211
12600,6860,224
12600,7160,251
12600,7460,254
12600,7761,224
12600,8061,207
12600,8361,210
12600,8663,200
12600,8963,204
12600,9264,224
12600,9564,248
12600,9864,258
12600,10164,286
12600,10465,306
12600,10766,310
12600,11067,311
12600,11367,312
12600,11667,310
12867,11700,309
12900,11432,310
12900,11132,310
12900,10830,310
12900,10530,305
12900,10230,292
12900,9929,279
12900,9629,262
12900,9329,244
12900,9028,220
12900,8727,210
12900,8427,211
12900,8126,224
12900,7826,255
12900,7526,273
12900,7225,265
12900,6925,239
12900,6624,218
12900,6322,205
12900,6022,195
12900,5721,206
12900,5421,214
12900,5121,227
12900,4820,206
12900,4520,170
12900,4219,189
12900,3918,220
12900,3618,207
12900,3318,232
12900,3017,227
12900,2717,213
12900,2417,215
12900,2115,209
12900,1815,217
12900,1515,232
12900,1214,233
12900,914,258
12900,614,258
12900,313,270
12900,12,278
13188,0,282
13200,289,271
13200,589,260
13200,889,257
13200,1190,271
13200,1490,261
13200,1792,247
13200,2092,237
13200,2392,220
13200,2692,222
13200,2993,245
13200,3293,230
13200,3593,220
13200,3895,188
13200,4195,196
13200,4496,184
13200,4796,236
13200,5096,229
13200,5396,211
13200,5697,218
13200,5998,218
13200,6299,245
13200,6599,279
13200,6899,292
13200,7200,286
13200,7500,266
13200,7800,246
13200,8102,243
13200,8403,234
13200,8704,258
13200,9004,285
13200,9304,294
13200,9604,300
13200,9905,307
13200,10205,312
13200,10507,310
13200,10807,312
13200,11107,311
13200,11408,313
