0,188,221
0,489,217
0,789,213
0,1089,210
0,1390,211
0,1691,211
0,1992,209
0,2292,206
0,2592,210
0,2892,212
0,3193,214
0,3493,212
0,3795,213
0,4095,211
0,4395,210
0,4696,209
0,4996,211
0,5296,209
0,5596,209
0,5898,212
0,6198,213
0,6499,216
0,6799,216
0,7099,216
0,7400,219
0,7700,221
0,8001,223
0,8302,225
0,8602,223
0,8902,224
0,9203,226
0,9503,227
0,9803,229
0,10105,230
0,10405,232
0,10705,231
0,11006,230
0,11306,228
0,11606,173
207,11700,222
300,11492,230
300,11190,229
300,10890,231
300,10590,229
300,10289,229
300,9989,228
300,9689,226
300,9388,224
300,9087,223
300,8787,223
300,8486,223
300,8186,222
300,7886,220
300,7585,220
300,7285,217
300,6983,217
300,6683,216
300,6383,215
300,6083,213
300,5782,211
300,5482,210
300,5182,209
300,4880,211
300,4580,212
300,4279,212
300,3979,212
300,3679,213
300,3379,214
300,3078,214
300,2777,210
300,2476,209
300,2176,210
300,1876,211
300,1575,211
300,1275,212
300,975,215
300,673,218
300,373,222
300,73,224
527,0,223
600,228,221
600,528,218
600,829,215
600,1130,212
600,1430,211
600,1731,213
600,2031,211
600,2331,211
600,2632,210
600,2932,212
600,3233,212
600,3534,215
600,3834,213
600,4134,212
600,4435,211
600,4735,211
600,5035,211
600,5337,210
600,5638,212
600,5939,214
600,6239,214
600,6539,218
600,6840,219
600,7140,219
600,7440,220
600,7742,222
600,8042,222
600,8342,222
600,8643,222
600,8943,224
600,9243,225
600,9544,226
600,9845,229
600,10145,229
600,10446,229
600,10746,229
600,11046,230
600,11347,228
600,11647,229
848,11700,229
900,11451,227
900,11151,229
900,10851,229
900,10550,228
900,10250,228
900,9950,227
900,9648,225
900,9348,224
900,9047,221
900,8747,220
900,8447,221
900,8147,222
900,7846,221
900,7545,220
900,7244,220
900,6944,219
900,6644,218
900,6343,215
900,6043,212
900,5743,211
900,5441,211
900,5141,211
900,4841,212
900,4540,212
900,4240,212
900,3940,213
900,3639,212
900,3338,209
900,3036,208
900,2736,212
900,2436,213
900,2135,212
900,1835,211
900,1535,213
900,1235,215
900,933,217
900,633,220
900,332,222
900,32,222
1168,0,222
1200,269,221
1200,569,219
1200,870,217
1200,1171,216
1200,1471,214
1200,1771,214
1200,2072,213
1200,2372,211
1200,2672,209
1200,2974,205
1200,3274,205
1200,3574,208
1200,3875,211
1200,4175,211
1200,4475,212
1200,4776,212
1200,5077,212
1200,5378,212
1200,5678,212
1200,5978,213
1200,6278,215
1200,6579,218
1200,6879,220
1200,7181,219
1200,7481,219
1200,7781,220
1200,8082,222
1200,8382,221
1200,8682,221
1200,8982,222
1200,9284,224
1200,9584,226
1200,9885,227
1200,10185,227
1200,10485,227
1200,10786,227
1200,11086,226
1200,11387,226
1200,11688,228
1488,11700,226
1500,11412,224
1500,11111,225
1500,10811,226
1500,10511,225
1500,10209,225
1500,9908,224
1500,9607,224
1500,9307,221
1500,9007,221
1500,8706,220
1500,8406,219
1500,8106,218
1500,7804,218
1500,7504,217
1500,7204,219
1500,6903,217
1500,6603,215
1500,6303,214
1500,6002,213
1500,5701,211
1500,5401,212
1500,5100,214
1500,4800,213
1500,4500,211
1500,4199,210
1500,3899,204
1500,3598,201
1500,3297,204
1500,2997,206
1500,2697,210
1500,2396,212
1500,2096,215
1500,1796,217
1500,1494,217
1500,1194,218
1500,894,218
1500,593,220
1500,293,222
1507,0,222
1800,8,221
1800,309,219
1800,610,218
1800,910,217
1800,1210,218
1800,1510,218
1800,1811,217
1800,2111,214
1800,2413,209
1800,2713,207
1800,3013,204
1800,3314,203
1800,3614,203
1800,3914,207
1800,4214,212
1800,4516,214
1800,4818,214
1800,5118,215
1800,5418,213
1800,5718,215
1800,6019,215
1800,6319,215
1800,6619,218
1800,6921,218
1800,7221,217
1800,7522,218
1800,7822,217
1800,8122,219
1800,8422,218
1800,8723,220
1800,9024,220
1800,9325,220
1800,9625,222
1800,9925,222
1800,10226,223
1800,10526,223
1800,10826,222
1800,11128,222
1800,11428,221
1828,11700,222
2100,11671,222
2100,11371,221
2100,11071,220
2100,10770,221
2100,10469,221
2100,10169,222
2100,9868,221
2100,9568,219
2100,9268,220
2100,8967,220
2100,8667,219
2100,8366,216
2100,8065,216
2100,7765,218
2100,7465,217
2100,7164,216
2100,6864,216
2100,6564,216
2100,6262,215
2100,5962,215
2100,5662,216
2100,5361,215
2100,5061,216
2100,4761,215
2100,4460,212
2100,4159,207
2100,3858,205
2100,3558,205
2100,3258,204
2100,2958,209
2100,2657,215
2100,2357,217
2100,2055,218
2100,1754,218
2100,1454,218
2100,1153,218
2100,853,219
2100,553,220
2100,252,221
2148,0,221
2400,50,221
2400,350,222
2400,650,220
2400,950,220
2400,1251,219
2400,1551,220
2400,1851,219
2400,2153,219
2400,2453,217
2400,2754,213
2400,3054,208
2400,3354,207
2400,3654,208
2400,3955,209
2400,4256,212
2400,4557,218
2400,4857,218
2400,5157,217
2400,5458,216
2400,5758,215
2400,6058,215
2400,6360,217
2400,6660,216
2400,6960,215
2400,7261,217
2400,7561,217
2400,7861,215
2400,8162,215
2400,8463,218
2400,8763,218
2400,9064,218
2400,9364,220
2400,9664,221
2400,9965,219
2400,10265,221
2400,10566,220
2400,10867,220
2400,11167,219
2400,11467,220
2467,11700,221
2700,11632,220
2700,11332,219
2700,11030,217
2700,10729,219
2700,10428,220
2700,10128,220
2700,9828,220
2700,9527,221
2700,9227,220
2700,8927,217
2700,8625,217
2700,8325,215
2700,8025,215
2700,7724,215
2700,7424,214
2700,7124,215
2700,6823,216
2700,6522,216
2700,6222,214
2700,5921,215
2700,5621,215
2700,5321,218
2700,5020,216
2700,4720,215
2700,4418,214
2700,4118,211
2700,3818,210
2700,3518,209
2700,3217,215
2700,2917,219
2700,2617,219
2700,2315,219
2700,2015,218
2700,1714,218
2700,1414,217
2700,1114,218
2700,814,220
2700,513,220
2700,212,222
2788,0,222
3000,89,220
3000,389,219
3000,690,218
3000,990,216
3000,1290,214
3000,1592,215
3000,1892,217
3000,2192,218
3000,2493,217
3000,2793,216
3000,3093,215
3000,3394,213
3000,3695,210
3000,3995,213
3000,4296,215
3000,4596,215
3000,4896,215
3000,5197,216
3000,5497,214
3000,5798,214
3000,6100,214
3000,6400,216
3000,6701,215
3000,7001,213
3000,7301,214
3000,7602,213
3000,7902,212
3000,8203,214
3000,8504,215
3000,8804,218
3000,9104,221
3000,9405,221
3000,9705,221
3000,10005,220
3000,10307,220
3000,10607,218
3000,10907,218
3000,11208,218
3000,11508,218
3108,11700,216
3300,11591,217
3300,11290,220
3300,10990,221
3300,10689,219
3300,10389,221
3300,10089,220
3300,9788,222
3300,9488,221
3300,9186,219
3300,8886,216
3300,8586,212
3300,8286,213
3300,7985,211
3300,7685,211
3300,7385,213
3300,7083,214
3300,6783,215
3300,6482,213
3300,6182,211
3300,5882,211
3300,5582,214
3300,5281,214
3300,4980,215
3300,4679,214
3300,4379,214
3300,4079,213
3300,3778,215
3300,3478,214
3300,3178,215
3300,2876,215
3300,2575,215
3300,2274,214
3300,1974,212
3300,1674,212
3300,1374,213
3300,1073,215
3300,773,217
3300,471,218
3300,171,220
3429,0,218
3600,130,218
3600,430,216
3600,730,213
3600,1030,213
3600,1332,211
3600,1632,208
3600,1933,212
3600,2233,215
3600,2533,214
3600,2834,214
3600,3134,215
3600,3435,214
3600,3736,214
3600,4036,213
3600,4336,213
3600,4637,212
3600,4937,213
3600,5237,213
3600,5539,213
3600,5839,210
3600,6139,213
3600,6440,213
3600,6740,215
3600,7040,211
3600,7341,209
3600,7642,209
3600,7942,210
3600,8243,211
3600,8543,214
3600,8843,216
3600,9144,220
3600,9444,222
3600,9746,221
3600,10046,220
3600,10346,222
3600,10646,221
3600,10947,219
3600,11247,218
3600,11547,217
3749,11700,216
3900,11551,218
3900,11250,219
3900,10950,221
3900,10650,221
3900,10350,220
3900,10049,220
3900,9748,220
3900,9446,220
3900,9146,216
3900,8846,214
3900,8545,212
3900,8245,210
3900,7945,208
3900,7644,210
3900,7343,211
3900,7042,211
3900,6742,211
3900,6442,210
3900,6142,211
3900,5841,210
3900,5541,212
3900,5239,212
3900,4939,213
3900,4639,211
3900,4338,212
3900,4038,213
3900,3738,212
3900,3438,214
3900,3136,215
3900,2836,215
3900,2535,214
3900,2235,210
3900,1935,208
3900,1634,208
3900,1334,211
3900,1033,211
3900,732,213
3900,432,217
3900,132,217
4068,0,216
4200,169,215
4200,469,215
4200,771,211
4200,1071,210
4200,1371,207
4200,1672,207
4200,1972,208
4200,2272,212
4200,2573,214
4200,2874,214
4200,3174,213
4200,3475,214
4200,3775,212
4200,4075,212
4200,4376,212
4200,4676,212
4200,4978,213
4200,5279,213
4200,5579,210
4200,5880,210
4200,6180,211
4200,6480,211
4200,6781,210
4200,7081,210
4200,7382,211
4200,7683,208
4200,7983,208
4200,8283,210
4200,8584,213
4200,8884,215
4200,9184,218
4200,9486,220
4200,9786,220
4200,10086,218
4200,10387,218
4200,10687,219
4200,10987,218
4200,11288,217
4200,11589,218
4389,11700,217
4500,11510,217
4500,11210,217
4500,10910,217
4500,10609,219
4500,10309,218
4500,10007,219
4500,9707,219
4500,9407,216
4500,9106,213
4500,8806,211
4500,8506,208
4500,8206,209
4500,7904,207
4500,7604,209
4500,7303,210
4500,7003,210
4500,6703,211
4500,6402,211
4500,6102,213
4500,5801,213
4500,5500,214
4500,5200,213
4500,4900,212
4500,4599,211
4500,4299,213
4500,3999,213
4500,3697,213
4500,3397,213
4500,3097,212
4500,2796,212
4500,2496,212
4500,2196,206
4500,1895,206
4500,1594,206
4500,1292,208
4500,992,211
4500,692,215
4500,391,215
4500,91,218
4709,0,216
4800,210,215
4800,511,214
4800,811,211
4800,1112,208
4800,1412,206
4800,1712,205
4800,2013,206
4800,2313,207
4800,2614,211
4800,2915,213
4800,3215,212
4800,3515,213
4800,3816,211
4800,4116,212
4800,4416,212
4800,4718,214
4800,5018,213
4800,5318,212
4800,5619,211
4800,5919,210
4800,6219,211
4800,6520,210
4800,6821,208
4800,7122,208
4800,7422,208
4800,7722,207
4800,8022,208
4800,8323,208
4800,8623,211
4800,8925,214
4800,9225,217
4800,9525,217
4800,9826,218
4800,10126,217
4800,10426,216
4800,10726,218
4800,11028,216
4800,11328,217
4800,11629,218
5029,11700,218
5100,11471,217
5100,11170,217
5100,10870,215
5100,10569,216
5100,10267,216
5100,9967,217
5100,9666,216
5100,9366,214
5100,9066,212
5100,8766,208
5100,8465,206
5100,8164,206
5100,7863,205
5100,7563,206
5100,7263,206
5100,6962,207
5100,6662,209
5100,6362,208
5100,6060,209
5100,5760,212
5100,5460,210
5100,5159,212
5100,4859,212
5100,4559,212
5100,4258,212
5100,3957,212
5100,3657,213
5100,3356,212
5100,3056,212
5100,2756,208
5100,2455,205
5100,2155,204
5100,1854,205
5100,1553,206
5100,1253,208
5100,953,212
5100,652,214
5100,352,216
5100,52,215
5350,0,215
5400,250,215
5400,550,214
5400,851,210
5400,1151,206
5400,1451,204
5400,1752,203
5400,2053,203
5400,2354,201
5400,2654,207
5400,2954,212
5400,3254,213
5400,3555,212
5400,3855,211
5400,4157,211
5400,4457,211
5400,4757,210
5400,5058,211
5400,5358,210
5400,5658,209
5400,5958,210
5400,6260,207
5400,6562,208
5400,6862,207
5400,7162,205
5400,7462,205
5400,7763,205
5400,8063,204
5400,8363,205
5400,8665,208
5400,8965,211
5400,9266,214
5400,9566,215
5400,9866,215
5400,10166,214
5400,10467,215
5400,10768,215
5400,11069,218
5400,11369,219
5400,11669,219
5669,11700,220
5700,11430,219
5700,11130,216
5700,10828,215
5700,10528,215
5700,10228,213
5700,9927,214
5700,9627,213
5700,9327,212
5700,9026,209
5700,8725,206
5700,8425,204
5700,8124,205
5700,7824,205
5700,7524,205
5700,7223,206
5700,6923,207
5700,6622,207
5700,6321,208
5700,6021,209
5700,5721,209
5700,5420,211
5700,5120,210
5700,4820,208
5700,4518,209
5700,4218,211
5700,3918,212
5700,3617,214
5700,3317,210
5700,3017,202
5700,2716,197
5700,2415,201
5700,2113,203
5700,1813,202
5700,1513,206
5700,1212,209
5700,912,212
5700,612,213
5700,311,216
5700,10,216
5990,0,215
6000,291,212
6000,591,211
6000,891,209
6000,1192,207
6000,1492,204
6000,1794,202
6000,2094,198
6000,2394,195
6000,2694,195
6000,2995,206
6000,3295,212
6000,3595,211
6000,3897,210
6000,4197,209
6000,4498,208
6000,4798,209
6000,5098,210
6000,5398,209
6000,5699,208
6000,6000,207
6000,6301,207
6000,6601,207
6000,6901,207
6000,7202,206
6000,7502,206
6000,7802,205
6000,8104,207
6000,8404,208
6000,8704,211
6000,9005,211
6000,9305,211
6000,9605,212
6000,9906,212
6000,10207,214
6000,10507,213
6000,10808,215
6000,11108,217
6000,11408,220
6008,11700,220
6300,11691,220
6300,11390,217
6300,11089,215
6300,10789,214
6300,10489,213
6300,10188,214
6300,9888,212
6300,9588,211
6300,9286,209
6300,8985,207
6300,8684,208
6300,8384,206
6300,8084,206
6300,7783,207
6300,7483,208
6300,7183,208
6300,6881,208
6300,6581,208
6300,6281,208
6300,5980,208
6300,5680,207
6300,5380,208
6300,5079,208
6300,4778,207
6300,4478,208
6300,4177,209
6300,3877,211
6300,3577,211
6300,3276,206
6300,2976,201
6300,2674,197
6300,2374,196
6300,2074,203
6300,1774,207
6300,1473,207
6300,1173,208
6300,873,211
6300,571,211
6300,271,212
6329,0,212
6600,30,211
6600,330,210
6600,630,209
6600,931,209
6600,1232,208
6600,1533,209
6600,1833,205
6600,2133,201
6600,2434,198
6600,2734,203
6600,3034,208
6600,3336,211
6600,3636,211
6600,3936,210
6600,4237,210
6600,4537,209
6600,4837,207
6600,5138,209
6600,5439,208
6600,5741,209
6600,6041,209
6600,6341,207
6600,6642,208
6600,6942,208
6600,7242,208
6600,7542,208
6600,7844,209
6600,8144,209
6600,8445,208
6600,8745,207
6600,9045,209
6600,9346,210
6600,9646,211
6600,9947,211
6600,10248,211
6600,10548,213
6600,10848,216
6600,11149,218
6600,11449,221
6649,11700,221
6900,11649,222
6900,11349,218
6900,11049,214
6900,10748,213
6900,10448,210
6900,10148,209
6900,9847,211
6900,9546,211
6900,9246,210
6900,8945,209
6900,8645,209
6900,8345,210
6900,8044,210
6900,7744,210
6900,7442,209
6900,7142,207
6900,6842,208
6900,6542,207
6900,6241,209
6900,5941,209
6900,5641,209
6900,5339,209
6900,5039,209
6900,4738,209
6900,4438,211
6900,4138,212
6900,3838,212
6900,3537,211
6900,3236,210
6900,2935,206
6900,2635,203
6900,2335,205
6900,2034,208
6900,1734,210
6900,1434,208
6900,1132,208
6900,831,209
6900,530,208
6900,230,209
6970,0,208
7200,70,207
7200,371,207
7200,671,207
7200,973,208
7200,1273,209
7200,1573,210
7200,1874,208
7200,2174,204
7200,2474,206
7200,2774,207
7200,3076,208
7200,3376,211
7200,3677,211
7200,3977,212
7200,4277,209
7200,4578,207
7200,4878,209
7200,5179,207
7200,5480,209
7200,5780,209
7200,6080,208
7200,6381,208
7200,6681,210
7200,6981,210
7200,7283,211
7200,7583,211
7200,7883,210
7200,8184,210
7200,8484,210
7200,8784,211
7200,9085,211
7200,9386,210
7200,9686,209
7200,9987,211
7200,10287,211
7200,10587,212
7200,10888,215
7200,11188,218
7200,11490,221
7290,11700,220
7500,11610,220
7500,11310,217
7500,11009,214
7500,10709,213
7500,10409,212
7500,10107,212
7500,9806,210
7500,9505,210
7500,9205,209
7500,8905,207
7500,8604,209
7500,8304,209
7500,8004,210
7500,7702,210
7500,7402,211
7500,7102,210
7500,6801,208
7500,6501,208
7500,6201,207
7500,5900,208
7500,5599,206
7500,5298,207
7500,4998,207
7500,4698,208
7500,4398,210
7500,4097,211
7500,3797,211
7500,3495,209
7500,3195,208
7500,2895,205
7500,2594,205
7500,2294,207
7500,1994,209
7500,1694,211
7500,1392,210
7500,1092,207
7500,791,206
7500,491,205
7500,191,207
7609,0,206
7800,110,207
7800,411,208
7800,712,208
7800,1012,210
7800,1312,210
7800,1613,212
7800,1913,209
7800,2213,208
7800,2515,208
7800,2815,208
7800,3115,208
7800,3416,211
7800,3716,211
7800,4016,210
7800,4317,208
7800,4618,207
7800,4918,206
7800,5219,205
7800,5519,206
7800,5819,207
7800,6120,207
7800,6420,206
7800,6722,207
7800,7023,207
7800,7323,208
7800,7624,209
7800,7924,208
7800,8224,206
7800,8525,207
7800,8825,208
7800,9126,208
7800,9427,211
7800,9727,213
7800,10027,213
7800,10328,214
7800,10628,215
7800,10928,216
7800,11230,217
7800,11530,221
7930,11700,220
8100,11569,218
8100,11269,218
8100,10969,217
8100,10668,215
8100,10367,215
8100,10066,214
8100,9766,211
8100,9466,209
8100,9166,206
8100,8865,207
8100,8565,205
8100,8263,207
8100,7963,208
8100,7663,208
8100,7362,207
8100,7062,205
8100,6762,206
8100,6462,206
8100,6160,206
8100,5860,205
8100,5559,204
8100,5259,204
8100,4959,206
8100,4658,206
8100,4358,208
8100,4057,209
8100,3756,210
8100,3456,208
8100,3156,206
8100,2855,208
8100,2555,209
8100,2255,211
8100,1953,213
8100,1652,214
8100,1351,212
8100,1051,210
8100,751,208
8100,450,207
8100,150,207
8250,0,207
8400,152,206
8400,452,208
8400,752,211
8400,1053,213
8400,1353,212
8400,1653,212
8400,1954,211
8400,2255,208
8400,2555,207
8400,2856,207
8400,3156,207
8400,3456,208
8400,3757,208
8400,4057,207
8400,4358,206
8400,4659,205
8400,4959,204
8400,5259,205
8400,5560,205
8400,5860,205
8400,6160,204
8400,6462,205
8400,6762,205
8400,7062,207
8400,7363,209
8400,7663,208
8400,7963,207
8400,8264,207
8400,8565,207
8400,8866,207
8400,9166,208
8400,9466,210
8400,9766,212
8400,10067,214
8400,10367,216
8400,10669,218
8400,10969,217
8400,11269,219
8400,11570,219
8570,11700,218
8700,11530,217
8700,11230,218
8700,10928,218
8700,10628,217
8700,10327,215
8700,10027,214
8700,9727,212
8700,9426,210
8700,9126,209
8700,8825,208
8700,8523,207
8700,8223,208
8700,7922,208
8700,7622,209
8700,7322,208
8700,7022,207
8700,6721,206
8700,6420,206
8700,6119,204
8700,5819,205
8700,5519,205
8700,5218,207
8700,4918,205
8700,4618,205
8700,4316,206
8700,4016,206
8700,3716,206
8700,3415,206
8700,3115,205
8700,2815,205
8700,2514,206
8700,2213,210
8700,1913,214
8700,1612,215
8700,1312,215
8700,1012,213
8700,711,207
8700,411,206
8700,110,204
8891,0,205
9000,191,206
9000,491,208
9000,792,213
9000,1092,217
9000,1392,214
9000,1694,213
9000,1994,208
9000,2294,203
9000,2595,202
9000,2895,204
9000,3195,203
9000,3496,205
9000,3797,206
9000,4098,205
9000,4398,204
9000,4698,204
9000,4998,205
9000,5299,205
9000,5599,206
9000,5901,206
9000,6202,210
9000,6502,209
9000,6803,208
9000,7103,209
9000,7403,210
9000,7704,210
9000,8004,208
9000,8306,207
9000,8606,207
9000,8906,208
9000,9206,211
9000,9507,214
9000,9807,215
9000,10107,217
9000,10409,217
9000,10709,219
9000,11010,218
9000,11310,218
9000,11610,218
9210,11700,219
9300,11489,219
9300,11188,218
9300,10887,218
9300,10587,219
9300,10287,217
9300,9986,217
9300,9686,214
9300,9386,212
9300,9084,209
9300,8784,206
9300,8484,206
9300,8183,208
9300,7883,210
9300,7583,210
9300,7282,211
9300,6981,211
9300,6681,211
9300,6380,210
9300,6080,209
9300,5780,208
9300,5479,208
9300,5179,204
9300,4878,202
9300,4577,203
9300,4277,204
9300,3977,205
9300,3676,203
9300,3376,199
9300,3076,201
9300,2774,201
9300,2474,201
9300,2174,206
9300,1873,211
9300,1573,214
9300,1273,215
9300,972,213
9300,671,208
9300,369,207
9300,69,206
9531,0,208
9600,232,208
9600,532,211
9600,832,215
9600,1133,215
9600,1434,213
9600,1734,206
9600,2035,201
9600,2335,200
9600,2635,198
9600,2936,197
9600,3236,201
9600,3538,204
9600,3838,203
9600,4138,202
9600,4438,203
9600,4739,203
9600,5039,205
9600,5339,208
9600,5641,208
9600,5941,210
9600,6242,211
9600,6542,212
9600,6842,210
9600,7142,209
9600,7443,208
9600,7744,205
9600,8045,206
9600,8345,206
9600,8645,208
9600,8946,211
9600,9246,212
9600,9546,215
9600,9848,219
9600,10148,220
9600,10448,221
9600,10749,220
9600,11049,219
9600,11349,220
9600,11650,220
9851,11700,222
9900,11449,222
9900,11148,222
9900,10848,222
9900,10548,221
9900,10247,220
9900,9947,218
9900,9646,214
9900,9344,210
9900,9044,208
9900,8743,207
9900,8443,206
9900,8143,203
9900,7842,200
9900,7542,199
9900,7241,204
9900,6940,211
9900,6640,212
9900,6340,212
9900,6039,211
9900,5739,210
9900,5439,207
9900,5137,206
9900,4837,203
9900,4537,202
9900,4236,202
9900,3936,202
9900,3636,203
9900,3335,199
9900,3034,197
9900,2734,197
9900,2433,200
9900,2133,200
9900,1833,206
9900,1532,211
9900,1232,214
9900,930,212
9900,630,210
9900,330,210
9900,30,209
10171,0,211
10200,271,210
10200,571,210
10200,873,212
10200,1173,210
10200,1474,206
10200,1774,201
10200,2074,199
10200,2375,198
10200,2675,197
10200,2976,200
10200,3277,203
10200,3577,201
10200,3877,201
10200,4178,201
10200,4478,202
10200,4778,202
10200,5080,206
10200,5380,208
10200,5680,209
10200,5981,209
10200,6281,202
10200,6581,190
10200,6882,186
10200,7183,191
10200,7485,195
10200,7785,199
10200,8085,203
10200,8386,206
10200,8686,207
10200,8986,213
10200,9287,214
10200,9588,217
10200,9888,219
10200,10189,222
10200,10489,222
10200,10789,223
10200,11090,223
10200,11390,223
10200,11691,224
10491,11700,224
10500,11408,224
10500,11108,224
10500,10807,221
10500,10507,222
10500,10207,220
10500,9905,220
10500,9605,217
10500,9305,213
10500,9004,211
10500,8704,206
10500,8404,205
10500,8103,200
10500,7802,195
10500,7502,187
10500,7201,181
10500,6901,176
10500,6601,168
10500,6300,174
10500,6000,196
10500,5698,204
10500,5398,201
10500,5098,201
10500,4798,198
10500,4497,200
10500,4197,201
10500,3897,202
10500,3595,203
10500,3295,202
10500,2994,198
10500,2694,196
10500,2394,198
10500,2094,202
10500,1793,205
10500,1492,208
10500,1190,210
10500,890,211
10500,590,211
10500,289,213
10511,0,213
10800,11,215
10800,312,214
10800,613,211
10800,914,210
10800,1214,204
10800,1514,204
10800,1814,200
10800,2115,198
10800,2415,197
10800,2717,201
10800,3017,202
10800,3317,203
10800,3618,203
10800,3918,200
10800,4218,200
10800,4518,198
10800,4820,197
10800,5120,196
10800,5421,176
10800,5721,145
10800,6021,148
10800,6322,159
10800,6622,169
10800,6923,180
10800,7224,189
10800,7524,198
10800,7824,205
10800,8125,207
10800,8425,211
10800,8725,214
10800,9027,214
10800,9327,217
10800,9627,219
10800,9928,222
10800,10228,220
10800,10528,223
10800,10829,223
10800,11130,226
10800,11430,227
10831,11700,228
11100,11669,227
11100,11369,225
11100,11068,223
11100,10768,222
11100,10466,221
11100,10166,219
11100,9866,218
11100,9566,217
11100,9265,215
11100,8965,215
11100,8665,215
11100,8363,214
11100,8062,213
11100,7761,210
11100,7461,203
11100,7161,191
11100,6860,175
11100,6560,156
11100,6260,147
11100,5958,142
11100,5658,161
11100,5358,191
11100,5057,197
11100,4757,198
11100,4457,199
11100,4156,201
11100,3855,203
11100,3554,204
11100,3254,203
11100,2954,201
11100,2654,201
11100,2353,200
11100,2053,202
11100,1751,203
11100,1451,207
11100,1151,208
11100,850,213
11100,550,218
11100,250,217
11150,0,218
11400,52,220
11400,352,216
11400,653,212
11400,953,207
11400,1253,204
11400,1554,203
11400,1854,202
11400,2155,203
11400,2456,205
11400,2756,206
11400,3056,205
11400,3357,205
11400,3657,203
11400,3957,200
11400,4259,199
11400,4559,197
11400,4859,196
11400,5160,190
11400,5460,168
11400,5760,152
11400,6061,175
11400,6362,198
11400,6664,209
11400,6964,213
11400,7264,215
11400,7565,215
11400,7865,214
11400,8165,217
11400,8466,216
11400,8767,215
11400,9067,217
11400,9368,217
11400,9668,220
11400,9968,219
11400,10269,218
11400,10569,222
11400,10870,222
11400,11171,223
11400,11471,225
11471,11700,226
11700,11628,224
11700,11328,223
11700,11028,221
11700,10726,220
11700,10426,220
11700,10126,220
11700,9825,217
11700,9525,218
11700,9225,217
11700,8924,217
11700,8623,217
11700,8322,218
11700,8022,216
11700,7722,215
11700,7422,214
11700,7121,214
11700,6821,211
11700,6519,206
11700,6219,201
11700,5919,196
11700,5618,194
11700,5318,196
11700,5018,197
11700,4718,198
11700,4416,200
11700,4116,203
11700,3815,203
11700,3515,206
11700,3215,207
11700,2914,208
11700,2614,208
11700,2313,205
11700,2012,202
11700,1712,203
11700,1412,204
11700,1111,208
11700,811,215
11700,511,218
11700,209,221
11792,0,220
12000,93,219
12000,393,217
12000,693,212
12000,994,206
12000,1294,203
12000,1594,202
12000,1896,203
12000,2196,209
12000,2496,211
12000,2797,209
12000,3097,209
12000,3397,207
12000,3698,204
12000,3999,203
12000,4299,202
12000,4600,200
12000,4900,198
12000,5200,196
12000,5501,197
12000,5801,200
12000,6102,205
12000,6403,208
12000,6703,211
12000,7003,214
12000,7304,215
12000,7604,216
12000,7904,218
12000,8206,219
12000,8506,219
12000,8806,219
12000,9107,218
12000,9407,219
12000,9707,219
12000,10008,219
12000,10309,219
12000,10610,220
12000,10910,221
12000,11210,221
12000,11510,224
12111,11700,222
12300,11589,221
12300,11287,222
12300,10987,221
12300,10687,220
12300,10386,220
12300,10086,218
12300,9786,219
12300,9486,220
12300,9184,219
12300,8882,220
12300,8582,218
12300,8282,219
12300,7982,218
12300,7681,217
12300,7381,215
12300,7081,213
12300,6779,210
12300,6479,208
12300,6178,203
12300,5878,201
12300,5578,200
12300,5278,201
12300,4977,203
12300,4676,203
12300,4375,204
12300,4075,205
12300,3775,208
12300,3474,209
12300,3174,210
12300,2874,212
12300,2572,214
12300,2272,207
12300,1972,200
12300,1671,198
12300,1371,203
12300,1071,210
12300,770,216
12300,469,219
12300,169,221
12431,0,221
12600,132,221
12600,432,218
12600,733,214
12600,1033,204
12600,1334,198
12600,1635,196
12600,1935,202
12600,2235,214
12600,2536,215
12600,2836,212
12600,3136,209
12600,3438,209
12600,3738,204
12600,4039,204
12600,4339,203
12600,4639,203
12600,4939,204
12600,5240,202
12600,5541,203
12600,5842,206
12600,6142,208
12600,6442,211
12600,6743,214
12600,7043,216
12600,7343,216
12600,7645,217
12600,7946,217
12600,8247,220
12600,8547,221
12600,8847,221
12600,9147,220
12600,9448,221
12600,9748,221
12600,10050,220
12600,10350,220
12600,10650,221
12600,10950,221
12600,11251,221
12600,11551,221
12751,11700,222
12900,11547,222
12900,11247,222
12900,10946,222
12900,10646,222
12900,10346,222
12900,10046,222
12900,9745,222
12900,9444,222
12900,9143,222
12900,8843,221
12900,8543,221
12900,8242,219
12900,7942,217
12900,7642,217
12900,7340,217
12900,7040,215
12900,6740,211
12900,6439,211
12900,6139,206
12900,5839,204
12900,5538,203
12900,5237,202
12900,4937,202
12900,4636,203
12900,4336,203
12900,4036,206
12900,3735,208
12900,3435,210
12900,3134,212
12900,2833,214
12900,2533,215
12900,2233,202
12900,1932,188
12900,1632,191
12900,1332,198
12900,1030,213
12900,729,218
12900,428,221
12900,128,223
13072,0,223
13200,173,221
13200,473,220
13200,773,216
13200,1075,200
13200,1375,183
13200,1675,177
13200,1976,193
13200,2276,216
13200,2576,215
13200,2877,214
13200,3178,210
13200,3478,209
13200,3779,206
13200,4079,204
13200,4379,203
13200,4680,202
13200,4980,203
13200,5282,203
13200,5582,205
13200,5882,206
13200,6182,210
13200,6483,213
13200,6783,215
13200,7083,217
13200,7385,218
13200,7685,219
13200,7986,219
13200,8286,222
13200,8586,222
13200,8886,222
13200,9187,223
13200,9488,223
13200,9789,222
13200,10089,223
13200,10389,224
13200,10690,223
13200,10990,223
13200,11290,222
13200,11592,222