0,272,316
0,572,323
0,873,328
0,1173,330
0,1473,341
0,1773,357
0,2075,372
0,2375,376
0,2676,378
0,2976,376
0,3276,365
0,3577,353
0,3877,346
0,4178,342
0,4479,334
0,4779,335
0,5079,341
0,5380,356
0,5680,367
0,5980,379
0,6282,387
0,6582,391
0,6882,398
0,7183,402
0,7483,402
0,7783,407
0,8084,408
0,8385,404
0,8687,401
0,8987,401
0,9287,404
0,9588,410
0,9888,415
0,10188,414
0,10489,420
0,10790,426
0,11090,427
0,11391,428
0,11691,429
291,11700,430
300,11408,429
300,11108,427
300,10806,420
300,10506,412
300,10206,417
300,9906,414
300,9605,405
300,9305,400
300,9005,401
300,8703,407
300,8403,409
300,8102,405
300,7802,403
300,7502,401
300,7202,401
300,6901,393
300,6600,389
300,6299,381
300,5999,369
300,5699,355
300,5398,345
300,5098,335
300,4798,335
300,4496,341
300,4196,348
300,3896,355
300,3595,366
300,3295,378
300,2995,379
300,2694,378
300,2393,369
300,2093,358
300,1792,343
300,1492,332
300,1192,330
300,891,323
300,591,315
300,290,312
311,0,308
600,11,308
600,311,309
600,612,318
600,912,329
600,1212,337
600,1514,341
600,1815,350
600,2116,363
600,2416,375
600,2716,377
600,3017,375
600,3317,365
600,3617,357
600,3919,351
600,4219,348
600,4519,334
600,4820,335
600,5120,343
600,5420,352
600,5721,367
600,6022,382
600,6322,389
600,6623,392
600,6923,400
600,7223,401
600,7524,404
600,7824,409
600,8126,409
600,8426,407
600,8726,399
600,9026,397
600,9327,403
600,9627,410
600,9927,415
600,10229,417
600,10529,424
600,10830,424
600,11130,426
600,11430,433
630,11700,429
900,11669,434
900,11368,429
900,11067,429
900,10767,424
900,10467,415
900,10166,413
900,9866,407
900,9566,406
900,9264,398
900,8964,401
900,8664,408
900,8363,414
900,8063,409
900,7763,407
900,7462,405
900,7161,401
900,6859,394
900,6559,390
900,6259,382
900,5958,368
900,5658,356
900,5358,344
900,5058,338
900,4756,342
900,4456,349
900,4155,354
900,3855,360
900,3555,367
900,3254,377
900,2954,378
900,2653,374
900,2352,360
900,2052,354
900,1752,349
900,1451,338
900,1151,326
900,851,315
900,549,311
900,249,318
951,0,327
1200,52,334
1200,352,320
1200,652,320
1200,953,336
1200,1254,351
1200,1555,364
1200,1855,368
1200,2155,369
1200,2455,378
1200,2756,384
1200,3056,377
1200,3358,366
1200,3658,360
1200,3958,353
1200,4259,348
1200,4559,347
1200,4859,352
1200,5159,358
1200,5461,368
1200,5761,379
1200,6062,387
1200,6362,392
1200,6662,398
1200,6963,401
1200,7263,408
1200,7564,409
1200,7865,411
1200,8165,409
1200,8465,406
1200,8766,409
1200,9066,409
1200,9366,412
1200,9668,411
1200,9969,417
1200,10270,421
1200,10570,425
1200,10870,431
1200,11171,433
1200,11471,436
1271,11700,434
1500,11627,434
1500,11327,435
1500,11027,431
1500,10726,427
1500,10426,423
1500,10126,418
1500,9825,418
1500,9524,415
1500,9224,416
1500,8923,411
1500,8623,410
1500,8323,407
1500,8022,412
1500,7722,415
1500,7421,410
1500,7120,409
1500,6820,399
1500,6520,394
1500,6219,388
1500,5919,381
1500,5619,372
1500,5317,367
1500,5017,362
1500,4717,355
1500,4416,355
1500,4116,366
1500,3816,374
1500,3515,377
1500,3214,379
1500,2913,382
1500,2613,379
1500,2313,378
1500,2013,375
1500,1712,366
1500,1412,353
1500,1110,343
1500,810,337
1500,510,344
1500,209,355
1591,0,365
1800,91,369
1800,391,366
1800,693,364
1800,995,370
1800,1295,375
1800,1595,384
1800,1895,387
1800,2196,388
1800,2496,388
1800,2796,388
1800,3098,388
1800,3398,389
1800,3699,384
1800,3999,378
1800,4299,375
1800,4599,376
1800,4900,381
1800,5201,378
1800,5502,381
1800,5802,394
1800,6102,397
1800,6403,405
1800,6703,408
1800,7003,413
1800,7305,416
1800,7605,417
1800,7905,415
1800,8206,416
1800,8506,420
1800,8806,422
1800,9107,421
1800,9408,424
1800,9708,423
1800,10009,428
1800,10309,428
1800,10609,431
1800,10910,437
1800,11210,435
1800,11511,437
1912,11700,440
2100,11588,438
2100,11288,434
2100,10987,433
2100,10687,430
2100,10387,431
2100,10085,429
2100,9785,429
2100,9485,424
2100,9184,422
2100,8884,419
2100,8584,419
2100,8283,419
2100,7982,418
2100,7681,419
2100,7381,415
2100,7081,411
2100,6781,408
2100,6480,406
2100,6180,397
2100,5878,390
2100,5577,384
2100,5277,386
2100,4976,387
2100,4676,384
2100,4376,386
2100,4075,391
2100,3775,392
2100,3473,390
2100,3173,391
2100,2873,391
2100,2573,395
2100,2272,396
2100,1972,394
2100,1672,390
2100,1370,389
2100,1070,388
2100,769,387
2100,469,383
2100,169,380
2231,0,397
2400,132,403
2400,433,408
2400,734,410
2400,1034,412
2400,1334,408
2400,1635,407
2400,1935,402
2400,2235,403
2400,2537,401
2400,2837,401
2400,3137,399
2400,3438,395
2400,3738,399
2400,4038,398
2400,4339,399
2400,4640,403
2400,4940,400
2400,5241,398
2400,5541,400
2400,5841,407
2400,6142,412
2400,6442,414
2400,6743,417
2400,7044,419
2400,7344,418
2400,7644,421
2400,7945,420
2400,8245,423
2400,8545,423
2400,8847,425
2400,9148,428
2400,9449,427
2400,9749,426
2400,10049,429
2400,10350,432
2400,10650,434
2400,10950,437
2400,11252,443
2400,11552,441
2552,11700,438
2700,11547,441
2700,11247,435
2700,10947,436
2700,10646,435
2700,10345,431
2700,10045,431
2700,9744,429
2700,9444,426
2700,9144,427
2700,8843,425
2700,8543,425
2700,8241,423
2700,7941,419
2700,7641,418
2700,7341,418
2700,7040,419
2700,6740,416
2700,6440,417
2700,6138,415
2700,5838,409
2700,5537,408
2700,5237,406
2700,4937,409
2700,4637,409
2700,4336,406
2700,4035,402
2700,3734,400
2700,3434,408
2700,3134,409
2700,2833,412
2700,2533,410
2700,2233,414
2700,1931,415
2700,1631,418
2700,1331,422
2700,1030,423
2700,730,424
2700,430,422
2700,129,421
2872,0,429
3000,172,432
3000,473,428
3000,773,432
3000,1073,428
3000,1374,428
3000,1674,423
3000,1975,420
3000,2277,423
3000,2577,421
3000,2878,420
3000,3178,416
3000,3478,412
3000,3779,411
3000,4079,410
3000,4380,412
3000,4681,414
3000,4981,411
3000,5281,416
3000,5582,417
3000,5882,421
3000,6182,421
3000,6484,420
3000,6784,419
3000,7084,421
3000,7385,418
3000,7685,420
3000,7985,421
3000,8286,422
3000,8587,425
3000,8887,428
3000,9188,429
3000,9488,430
3000,9788,434
3000,10089,433
3000,10389,432
3000,10691,437
3000,10991,437
3000,11291,441
3000,11591,444
3192,11700,440
3300,11508,441
3300,11208,440
3300,10906,439
3300,10606,437
3300,10305,435
3300,10005,434
3300,9705,432
3300,9405,426
3300,9104,427
3300,8803,422
3300,8502,421
3300,8202,421
3300,7902,416
3300,7601,415
3300,7301,416
3300,7001,418
3300,6699,418
3300,6398,422
3300,6097,421
3300,5797,421
3300,5497,419
3300,5197,419
3300,4896,414
3300,4596,417
3300,4294,418
3300,3994,419
3300,3694,424
3300,3393,424
3300,3093,424
3300,2793,429
3300,2493,428
3300,2191,428
3300,1891,431
3300,1590,431
3300,1290,433
3300,990,435
3300,689,438
3300,389,436
3300,88,437
3512,0,440
3600,213,437
3600,513,436
3600,814,433
3600,1114,436
3600,1414,433
3600,1716,435
3600,2016,430
3600,2316,430
3600,2617,431
3600,2917,430
3600,3217,427
3600,3518,429
3600,3819,425
3600,4119,422
3600,4420,422
3600,4720,422
3600,5020,423
3600,5321,424
3600,5621,419
3600,5923,422
3600,6223,421
3600,6523,419
3600,6823,418
3600,7124,415
3600,7424,415
3600,7724,414
3600,8026,415
3600,8326,418
3600,8627,419
3600,8927,425
3600,9227,424
3600,9527,429
3600,9828,432
3600,10129,434
3600,10431,435
3600,10731,439
3600,11031,439
3600,11332,443
3600,11632,445
3832,11700,445
3900,11467,443
3900,11166,437
3900,10865,434
3900,10565,433
3900,10265,433
3900,9965,430
3900,9664,428
3900,9364,424
3900,9062,418
3900,8762,414
3900,8462,409
3900,8161,409
3900,7861,414
3900,7561,415
3900,7261,417
3900,6959,419
3900,6659,418
3900,6358,422
3900,6058,420
3900,5758,420
3900,5457,421
3900,5157,423
3900,4856,419
3900,4555,422
3900,4255,423
3900,3955,424
3900,3654,427
3900,3354,428
3900,3054,430
3900,2752,434
3900,2452,433
3900,2152,435
3900,1851,436
3900,1551,437
3900,1251,440
3900,950,441
3900,649,440
3900,349,441
3900,48,442
4152,0,442
4200,252,440
4200,553,443
4200,853,438
4200,1155,440
4200,1456,438
4200,1756,438
4200,2057,436
4200,2357,433
4200,2657,434
4200,2958,432
4200,3258,426
4200,3559,423
4200,3860,423
4200,4160,421
4200,4460,422
4200,4761,419
4200,5061,418
4200,5361,418
4200,5663,421
4200,5963,419
4200,6263,417
4200,6564,417
4200,6864,411
4200,7164,410
4200,7465,407
4200,7766,402
4200,8067,405
4200,8367,403
4200,8667,405
4200,8967,414
4200,9268,421
4200,9568,421
4200,9870,430
4200,10170,431
4200,10470,431
4200,10771,432
4200,11071,438
4200,11371,435
4200,11671,440
4473,11700,434
4500,11427,434
4500,11126,430
4500,10826,427
4500,10526,430
4500,10225,422
4500,9925,419
4500,9624,413
4500,9323,411
4500,9023,401
4500,8723,399
4500,8422,393
4500,8122,397
4500,7822,401
4500,7520,409
4500,7220,409
4500,6920,414
4500,6619,416
4500,6319,418
4500,6019,415
4500,5718,418
4500,5417,415
4500,5115,416
4500,4815,415
4500,4515,415
4500,4214,421
4500,3914,417
4500,3614,426
4500,3313,428
4500,3012,430
4500,2712,431
4500,2411,434
4500,2111,437
4500,1811,439
4500,1510,438
4500,1210,439
4500,909,439
4500,608,441
4500,308,441
4500,8,440
4792,0,440
4800,293,442
4800,593,439
4800,895,439
4800,1195,439
4800,1495,438
4800,1796,437
4800,2096,434
4800,2396,434
4800,2697,429
4800,2998,427
4800,3299,418
4800,3599,413
4800,3899,413
4800,4199,415
4800,4500,413
4800,4800,415
4800,5102,412
4800,5402,418
4800,5702,413
4800,6003,415
4800,6303,412
4800,6603,410
4800,6903,405
4800,7205,400
4800,7505,392
4800,7806,390
4800,8106,386
4800,8406,388
4800,8707,391
4800,9007,397
4800,9308,405
4800,9610,411
4800,9910,412
4800,10211,418
4800,10511,421
4800,10811,421
4800,11111,420
4800,11412,423
4813,11700,418
5100,11686,409
5100,11386,413
5100,11086,417
5100,10785,412
5100,10485,410
5100,10185,407
5100,9883,402
5100,9583,397
5100,9283,391
5100,8982,386
5100,8682,384
5100,8382,383
5100,8081,386
5100,7780,387
5100,7480,398
5100,7179,401
5100,6879,409
5100,6579,413
5100,6278,415
5100,5978,415
5100,5677,414
5100,5376,412
5100,5076,413
5100,4776,408
5100,4475,409
5100,4175,408
5100,3875,411
5100,3573,413
5100,3273,422
5100,2973,428
5100,2672,431
5100,2372,438
5100,2072,434
5100,1771,438
5100,1470,438
5100,1169,441
5100,869,440
5100,569,441
5100,269,441
5132,0,439
5400,32,444
5400,334,441
5400,634,443
5400,934,438
5400,1235,437
5400,1535,438
5400,1835,436
5400,2135,435
5400,2437,430
5400,2739,429
5400,3039,418
5400,3339,410
5400,3639,405
5400,3940,406
5400,4240,402
5400,4540,400
5400,4842,404
5400,5142,413
5400,5443,414
5400,5743,418
5400,6043,413
5400,6343,410
5400,6644,405
5400,6945,399
5400,7246,390
5400,7546,389
5400,7846,383
5400,8147,384
5400,8447,385
5400,8747,385
5400,9049,387
5400,9349,391
5400,9649,394
5400,9950,398
5400,10250,401
5400,10550,407
5400,10851,412
5400,11152,410
5400,11452,403
5452,11700,398
5700,11647,402
5700,11347,408
5700,11046,402
5700,10746,393
5700,10445,388
5700,10144,386
5700,9844,389
5700,9544,388
5700,9243,389
5700,8943,384
5700,8643,386
5700,8341,384
5700,8041,385
5700,7741,388
5700,7440,391
5700,7140,399
5700,6840,408
5700,6539,414
5700,6238,416
5700,5936,414
5700,5636,413
5700,5336,406
5700,5035,405
5700,4735,401
5700,4435,405
5700,4134,400
5700,3833,400
5700,3533,406
5700,3232,415
5700,2932,427
5700,2632,428
5700,2331,432
5700,2031,439
5700,1729,435
5700,1429,439
5700,1129,438
5700,829,441
5700,528,442
5700,228,443
5772,0,444
6000,74,441
6000,374,441
6000,675,442
6000,975,437
6000,1275,437
6000,1575,436
6000,1876,434
6000,2177,432
6000,2478,428
6000,2778,420
6000,3078,411
6000,3379,402
6000,3679,402
6000,3979,401
6000,4281,403
6000,4581,405
6000,4881,406
6000,5182,406
6000,5482,414
6000,5782,414
6000,6083,418
6000,6384,416
6000,6684,411
6000,6985,400
6000,7285,395
6000,7585,388
6000,7886,386
6000,8186,385
6000,8487,385
6000,8788,387
6000,9088,389
6000,9388,388
6000,9689,382
6000,9989,375
6000,10289,377
6000,10591,386
6000,10892,396
6000,11193,398
6000,11493,397
6093,11700,396
6300,11606,395
6300,11306,392
6300,11006,386
6300,10704,378
6300,10404,375
6300,10104,377
6300,9803,385
6300,9503,391
6300,9203,385
6300,8902,380
6300,8601,380
6300,8301,380
6300,8000,382
6300,7700,390
6300,7400,402
6300,7099,415
6300,6799,420
6300,6497,423
6300,6197,420
6300,5897,417
6300,5597,410
6300,5296,412
6300,4996,409
6300,4696,407
6300,4394,408
6300,4094,404
6300,3793,403
6300,3493,408
6300,3193,415
6300,2893,424
6300,2592,431
6300,2291,431
6300,1990,436
6300,1690,439
6300,1390,438
6300,1089,440
6300,789,440
6300,489,437
6300,187,444
6413,0,444
6600,113,441
6600,414,439
6600,714,440
6600,1014,438
6600,1315,436
6600,1616,438
6600,1918,434
6600,2218,429
6600,2518,422
6600,2819,423
6600,3119,419
6600,3419,412
6600,3719,408
6600,4021,406
6600,4321,410
6600,4622,415
6600,4922,417
6600,5222,416
6600,5523,419
6600,5823,427
6600,6124,424
6600,6425,423
6600,6725,423
6600,7025,413
6600,7326,400
6600,7626,389
6600,7926,383
6600,8228,386
6600,8528,386
6600,8828,389
6600,9129,391
6600,9429,387
6600,9729,382
6600,10030,384
6600,10331,384
6600,10631,386
6600,10932,389
6600,11232,391
6600,11532,398
6732,11700,396
6900,11567,392
6900,11265,383
6900,10965,393
6900,10665,395
6900,10365,389
6900,10064,383
6900,9764,387
6900,9464,393
6900,9162,392
6900,8862,394
6900,8561,395
6900,8261,395
6900,7961,398
6900,7661,404
6900,7360,418
6900,7059,423
6900,6758,429
6900,6458,432
6900,6158,429
6900,5857,430
6900,5557,426
6900,5257,422
6900,4955,420
6900,4654,413
6900,4353,411
6900,4053,413
6900,3753,419
6900,3453,425
6900,3152,428
6900,2852,425
6900,2550,427
6900,2250,432
6900,1950,436
6900,1649,437
6900,1349,438
6900,1049,440
6900,749,438
6900,447,438
6900,147,439
7053,0,444
7200,154,440
7200,454,440
7200,755,439
7200,1055,438
7200,1356,439
7200,1657,440
7200,1957,437
7200,2257,433
7200,2558,430
7200,2858,430
7200,3158,434
7200,3460,427
7200,3760,420
7200,4060,419
7200,4361,425
7200,4661,432
7200,4961,433
7200,5262,440
7200,5563,438
7200,5863,438
7200,6164,436
7200,6464,432
7200,6764,430
7200,7065,424
7200,7365,422
7200,7667,415
7200,7967,410
7200,8267,410
7200,8567,409
7200,8868,405
7200,9168,397
7200,9468,391
7200,9770,387
7200,10071,391
7200,10372,395
7200,10672,401
7200,10972,398
7200,11273,402
7200,11573,408
7373,11700,420
7500,11525,418
7500,11225,409
7500,10925,407
7500,10624,400
7500,10324,402
7500,10024,398
7500,9723,407
7500,9422,411
7500,9121,415
7500,8821,419
7500,8521,423
7500,8221,424
7500,7920,428
7500,7620,431
7500,7318,430
7500,7018,432
7500,6718,436
7500,6417,439
7500,6117,442
7500,5817,443
7500,5517,445
7500,5215,445
7500,4915,439
7500,4614,437
7500,4314,431
7500,4014,430
7500,3713,428
7500,3413,434
7500,3112,432
7500,2811,436
7500,2511,438
7500,2211,437
7500,1910,439
7500,1610,438
7500,1310,437
7500,1008,442
7500,708,443
7500,408,441
7500,107,442
7693,0,440
7800,193,443
7800,494,444
7800,795,440
7800,1095,440
7800,1396,440
7800,1696,440
7800,1996,443
7800,2297,441
7800,2597,439
7800,2899,439
7800,3200,436
7800,3500,437
7800,3801,438
7800,4101,444
7800,4401,441
7800,4702,445
7800,5002,447
7800,5303,449
7800,5604,447
7800,5904,449
7800,6204,446
7800,6505,441
7800,6805,439
7800,7105,436
7800,7407,439
7800,7707,437
7800,8007,432
7800,8308,431
7800,8608,431
7800,8908,428
7800,9209,423
7800,9510,424
7800,9811,421
7800,10111,419
7800,10411,421
7800,10711,424
7800,11012,428
7800,11312,431
7800,11614,432
8014,11700,436
8100,11486,437
8100,11185,436
8100,10885,436
8100,10585,431
8100,10285,432
8100,9983,434
8100,9683,432
8100,9382,438
8100,9082,432
8100,8782,438
8100,8481,440
8100,8181,439
8100,7880,439
8100,7579,440
8100,7279,441
8100,6979,444
8100,6678,443
8100,6378,448
8100,6078,450
8100,5776,451
8100,5475,449
8100,5174,447
8100,4874,448
8100,4574,447
8100,4273,444
8100,3973,445
8100,3673,443
8100,3371,442
8100,3071,443
8100,2771,443
8100,2470,444
8100,2170,442
8100,1870,439
8100,1569,439
8100,1268,437
8100,968,439
8100,667,441
8100,367,440
8100,67,442
8333,0,440
8400,234,442
8400,535,437
8400,836,439
8400,1136,439
8400,1436,437
8400,1737,445
8400,2037,444
8400,2337,446
8400,2639,446
8400,2939,448
8400,3239,448
8400,3540,447
8400,3840,448
8400,4140,447
8400,4441,447
8400,4742,448
8400,5043,451
8400,5343,450
8400,5643,449
8400,5943,453
8400,6244,452
8400,6544,449
8400,6846,447
8400,7146,444
8400,7446,444
8400,7747,446
8400,8047,443
8400,8347,441
8400,8647,441
8400,8949,439
8400,9249,442
8400,9550,441
8400,9850,440
8400,10150,444
8400,10451,445
8400,10751,448
8400,11052,446
8400,11354,446
8400,11654,448
8654,11700,450
8700,11445,448
8700,11145,450
8700,10845,454
8700,10544,448
8700,10243,446
8700,9942,446
8700,9642,444
8700,9342,443
8700,9041,444
8700,8741,444
8700,8441,442
8700,8139,445
8700,7839,447
8700,7539,447
8700,7238,449
8700,6938,447
8700,6638,449
8700,6337,452
8700,6036,452
8700,5736,449
8700,5435,449
8700,5135,447
8700,4835,445
8700,4534,448
8700,4234,448
8700,3933,449
8700,3632,447
8700,3332,446
8700,3032,447
8700,2731,444
8700,2431,441
8700,2131,439
8700,1829,435
8700,1529,436
8700,1229,437
8700,928,435
8700,628,439
8700,328,440
8700,27,439
8974,0,441
9000,275,437
9000,575,435
9000,875,435
9000,1175,434
9000,1476,431
9000,1776,434
9000,2078,435
9000,2379,436
9000,2679,437
9000,2980,441
9000,3280,444
9000,3580,442
9000,3881,446
9000,4181,446
9000,4483,446
9000,4783,446
9000,5083,445
9000,5383,442
9000,5684,445
9000,5984,449
9000,6284,447
9000,6586,446
9000,6886,451
9000,7187,446
9000,7487,446
9000,7787,449
9000,8087,448
9000,8388,445
9000,8689,447
9000,8990,447
9000,9290,447
9000,9590,446
9000,9891,449
9000,10191,449
9000,10491,448
9000,10793,451
9000,11093,453
9000,11393,449
9000,11694,453
9294,11700,455
9300,11406,452
9300,11105,451
9300,10804,451
9300,10504,447
9300,10203,450
9300,9903,447
9300,9603,449
9300,9302,448
9300,9002,447
9300,8701,446
9300,8400,447
9300,8100,446
9300,7800,445
9300,7499,442
9300,7199,442
9300,6899,441
9300,6597,444
9300,6297,442
9300,5997,437
9300,5696,437
9300,5396,437
9300,5096,441
9300,4795,442
9300,4494,445
9300,4192,443
9300,3892,442
9300,3592,441
9300,3291,436
9300,2991,432
9300,2691,428
9300,2390,430
9300,2089,426
9300,1789,427
9300,1488,427
9300,1188,429
9300,888,433
9300,587,435
9300,287,433
9314,0,436
9600,15,428
9600,315,429
9600,615,428
9600,916,425
9600,1216,421
9600,1516,419
9600,1818,418
9600,2118,416
9600,2419,418
9600,2719,419
9600,3019,423
9600,3319,428
9600,3620,433
9600,3921,434
9600,4222,437
9600,4522,435
9600,4822,433
9600,5123,426
9600,5423,426
9600,5723,430
9600,6025,427
9600,6325,432
9600,6625,436
9600,6926,434
9600,7226,438
9600,7526,442
9600,7827,443
9600,8128,444
9600,8428,445
9600,8729,447
9600,9029,444
9600,9329,445
9600,9630,448
9600,9930,448
9600,10231,448
9600,10533,448
9600,10833,452
9600,11134,452
9600,11434,449
9634,11700,448
9900,11665,453
9900,11365,453
9900,11064,450
9900,10763,453
9900,10463,451
9900,10163,448
9900,9862,444
9900,9562,447
9900,9262,447
9900,8960,444
9900,8660,443
9900,8360,443
9900,8059,438
9900,7759,434
9900,7459,427
9900,7158,423
9900,6857,422
9900,6557,423
9900,6256,420
9900,5956,416
9900,5656,417
9900,5355,418
9900,5055,422
9900,4753,426
9900,4453,427
9900,4153,427
9900,3853,423
9900,3552,414
9900,3252,408
9900,2952,409
9900,2650,406
9900,2350,404
9900,2049,405
9900,1749,411
9900,1449,410
9900,1149,414
9900,848,416
9900,547,422
9900,246,421
9954,0,418
10200,54,408
10200,355,408
10200,655,412
10200,955,406
10200,1257,400
10200,1557,394
10200,1857,390
10200,2158,390
10200,2458,390
10200,2758,390
10200,3059,395
10200,3360,400
10200,3662,405
10200,3962,413
10200,4262,414
10200,4563,409
10200,4863,409
10200,5163,408
10200,5463,407
10200,5765,407
10200,6065,408
10200,6366,408
10200,6666,405
10200,6966,407
10200,7267,407
10200,7567,415
10200,7868,422
10200,8169,433
10200,8469,438
10200,8769,443
10200,9070,441
10200,9370,447
10200,9670,446
10200,9972,446
10200,10272,449
10200,10572,448
10200,10873,451
10200,11173,453
10200,11473,452
10273,11700,450
10500,11625,450
10500,11325,449
10500,11024,449
10500,10724,450
10500,10424,444
10500,10123,445
10500,9823,444
10500,9521,444
10500,9221,438
10500,8921,436
10500,8621,422
10500,8320,404
10500,8020,395
10500,7720,389
10500,7418,387
10500,7118,386
10500,6817,388
10500,6517,394
10500,6217,393
10500,5917,391
10500,5616,392
10500,5315,396
10500,5013,403
10500,4713,405
10500,4413,404
10500,4112,396
10500,3812,391
10500,3512,383
10500,3211,372
10500,2910,369
10500,2609,372
10500,2309,374
10500,2009,378
10500,1709,381
10500,1408,387
10500,1108,391
10500,806,388
10500,506,384
10500,206,385
10594,0,369
10800,95,359
10800,395,362
10800,695,369
10800,997,370
10800,1297,369
10800,1598,363
10800,1898,360
10800,2198,353
10800,2499,346
10800,2799,341
10800,3100,348
10800,3401,360
10800,3701,375
10800,4001,385
10800,4302,393
10800,4602,390
10800,4902,387
10800,5204,384
10800,5504,377
10800,5804,374
10800,6105,375
10800,6405,376
10800,6705,366
10800,7006,360
10800,7307,350
10800,7607,344
10800,7908,346
10800,8208,358
10800,8508,382
10800,8809,408
10800,9109,428
10800,9411,441
10800,9711,442
10800,10011,446
10800,10311,447
10800,10612,445
10800,10912,448
10800,11212,451
10800,11514,450
10915,11700,452
11100,11584,449
11100,11284,447
11100,10984,448
11100,10683,447
11100,10383,446
11100,10083,445
11100,9781,437
11100,9481,415
11100,9181,389
11100,8880,358
11100,8580,337
11100,8280,326
11100,7979,329
11100,7678,332
11100,7377,337
11100,7077,349
11100,6777,361
11100,6477,364
11100,6176,368
11100,5876,370
11100,5574,374
11100,5274,378
11100,4974,380
11100,4673,386
11100,4373,382
11100,4073,369
11100,3773,351
11100,3471,339
11100,3171,332
11100,2870,328
11100,2570,331
11100,2270,342
11100,1969,348
11100,1669,352
11100,1368,352
11100,1067,356
11100,767,350
11100,467,343
11100,166,340
11234,0,328
11400,134,324
11400,436,330
11400,736,338
11400,1036,337
11400,1337,337
11400,1637,338
11400,1937,332
11400,2238,316
11400,2539,310
11400,2841,317
11400,3141,325
11400,3441,329
11400,3742,344
11400,4042,367
11400,4342,374
11400,4643,372
11400,4944,369
11400,5244,368
11400,5545,361
11400,5845,358
11400,6145,351
11400,6446,344
11400,6746,334
11400,7047,327
11400,7348,318
11400,7648,317
11400,7948,320
11400,8249,321
11400,8549,324
11400,8849,338
11400,9151,371
11400,9451,409
11400,9751,432
11400,10052,439
11400,10352,443
11400,10652,445
11400,10953,448
11400,11254,449
11400,11555,451
11555,11700,448
11700,11545,449
11700,11245,444
11700,10944,446
11700,10644,441
11700,10342,438
11700,10042,425
11700,9742,391
11700,9441,363
11700,9141,340
11700,8841,324
11700,8541,313
11700,8239,312
11700,7939,309
11700,7638,308
11700,7338,317
11700,7038,328
11700,6737,338
11700,6437,344
11700,6136,347
11700,5835,350
11700,5535,356
11700,5235,364
11700,4934,368
11700,4634,370
11700,4334,361
11700,4032,339
11700,3731,318
11700,3430,313
11700,3130,310
11700,2830,304
11700,2529,311
11700,2229,323
11700,1929,330
11700,1627,326
11700,1327,324
11700,1027,329
11700,726,326
11700,426,313
11700,126,312
11874,0,305
12000,176,307
12000,476,318
12000,777,322
12000,1077,321
12000,1377,319
12000,1678,324
12000,1978,320
12000,2279,309
12000,2580,296
12000,2880,297
12000,3180,302
12000,3481,310
12000,3781,331
12000,4081,354
12000,4383,365
12000,4683,362
12000,4983,358
12000,5284,353
12000,5584,348
12000,5884,341
12000,6185,342
12000,6486,338
12000,6787,331
12000,7087,320
12000,7387,306
12000,7687,301
12000,7988,302
12000,8288,306
12000,8590,323
12000,8890,350
12000,9190,363
12000,9491,382
12000,9791,417
12000,10091,436
12000,10391,439
12000,10693,443
12000,10995,443
12000,11295,448
12000,11595,446
12195,11700,450
12300,11504,447
12300,11204,443
12300,10904,442
12300,10602,438
12300,10302,431
12300,10001,415
12300,9701,384
12300,9401,370
12300,9101,353
12300,8800,323
12300,8499,301
12300,8198,300
12300,7898,306
12300,7598,315
12300,7297,324
12300,6997,336
12300,6697,343
12300,6395,343
12300,6095,344
12300,5795,346
12300,5494,349
12300,5194,357
12300,4894,361
12300,4593,359
12300,4292,347
12300,3992,328
12300,3691,311
12300,3391,299
12300,3091,297
12300,2790,300
12300,2490,309
12300,2189,317
12300,1888,320
12300,1588,321
12300,1288,321
12300,987,319
12300,687,315
12300,387,314
12300,85,310
12515,0,317
12600,215,316
12600,516,320
12600,816,320
12600,1116,323
12600,1417,323
12600,1718,324
12600,2019,319
12600,2319,314
12600,2619,308
12600,2920,312
12600,3220,316
12600,3520,324
12600,3822,339
12600,4123,350
12600,4424,358
12600,4724,361
12600,5024,360
12600,5324,358
12600,5625,354
12600,5925,349
12600,6227,349
12600,6527,351
12600,6827,344
12600,7127,338
12600,7428,338
12600,7728,340
12600,8028,338
12600,8330,334
12600,8630,341
12600,8931,358
12600,9231,381
12600,9531,407
12600,9831,426
12600,10132,432
12600,10433,433
12600,10734,439
12600,11034,441
12600,11334,445
12600,11635,443
12835,11700,443
12900,11465,444
12900,11163,438
12900,10863,441
12900,10563,437
12900,10262,433
12900,9962,426
12900,9662,411
12900,9361,393
12900,9060,378
12900,8760,367
12900,8459,368
12900,8159,369
12900,7859,365
12900,7558,354
12900,7258,348
12900,6957,352
12900,6656,355
12900,6356,357
12900,6056,359
12900,5755,365
12900,5455,367
12900,5155,370
12900,4853,364
12900,4552,356
12900,4251,348
12900,3951,341
12900,3651,338
12900,3350,333
12900,3050,323
12900,2750,318
12900,2448,323
12900,2148,329
12900,1848,330
12900,1547,332
12900,1247,336
12900,947,337
12900,646,337
12900,345,336
12900,45,337
13156,0,351
13200,256,349
13200,556,351
13200,857,349
13200,1157,346
13200,1459,343
13200,1759,337
13200,2059,331
13200,2359,327
13200,2660,329
13200,2960,339
13200,3260,346
13200,3562,349
13200,3862,353
13200,4163,360
13200,4463,368
13200,4763,375
13200,5063,379
13200,5364,378
13200,5665,377
13200,5966,372
13200,6266,367
13200,6566,360
13200,6867,353
13200,7167,358
13200,7467,369
13200,7769,376
13200,8069,379
13200,8369,383
13200,8670,397
13200,8970,410
13200,9270,415
13200,9571,423
13200,9872,431
13200,10172,433
13200,10473,436
13200,10773,437
13200,11073,440
13200,11374,441
13200,11674,442