0,36,231
0,337,230
0,637,228
0,937,228
0,1238,226
0,1539,223
0,1839,223
0,2140,222
0,2440,220
0,2740,216
0,3041,212
0,3341,210
0,3642,211
0,3943,213
0,4243,215
0,4543,218
0,4844,220
0,5144,219
0,5444,221
0,5746,221
0,6046,222
0,6346,222
0,6647,223
0,6947,225
0,7247,225
0,7548,226
0,7849,226
0,8150,228
0,8450,229
0,8750,231
0,9050,231
0,9351,231
0,9651,230
0,9953,230
0,10253,229
0,10553,229
0,10854,229
0,11154,226
0,11454,225
54,11700,221
300,11644,220
300,11344,224
300,11043,229
300,10743,228
300,10443,228
300,10142,230
300,9842,230
300,9541,229
300,9240,230
300,8940,229
300,8640,228
300,8339,226
300,8039,226
300,7739,225
300,7437,224
300,7136,225
300,6835,223
300,6535,221
300,6235,223
300,5934,219
300,5634,220
300,5334,218
300,5032,217
300,4732,216
300,4432,214
300,4131,211
300,3831,208
300,3531,206
300,3230,208
300,2929,212
300,2629,215
300,2328,219
300,2028,222
300,1728,222
300,1427,225
300,1127,225
300,825,226
300,525,227
300,225,229
375,0,228
600,76,227
600,376,227
600,676,226
600,978,224
600,1278,224
600,1579,220
600,1879,219
600,2179,217
600,2479,212
600,2780,209
600,3081,207
600,3382,204
600,3682,204
600,3982,208
600,4283,210
600,4583,211
600,4883,214
600,5185,215
600,5485,216
600,5785,217
600,6086,218
600,6386,219
600,6686,221
600,6987,223
600,7288,222
600,7590,223
600,7890,223
600,8190,224
600,8491,226
600,8791,227
600,9091,227
600,9391,227
600,9693,229
600,9993,229
600,10294,230
600,10594,230
600,10894,227
600,11195,224
600,11495,221
696,11700,222
900,11603,225
900,11303,227
900,11003,232
900,10702,232
900,10402,230
900,10102,229
900,9800,230
900,9500,226
900,9200,225
900,8899,224
900,8599,224
900,8299,223
900,7998,223
900,7697,222
900,7397,223
900,7096,222
900,6796,220
900,6496,219
900,6195,216
900,5895,216
900,5593,213
900,5293,216
900,4993,214
900,4693,213
900,4392,208
900,4092,207
900,3792,205
900,3490,204
900,3190,209
900,2889,212
900,2589,217
900,2289,219
900,1989,220
900,1688,222
900,1387,223
900,1086,225
900,786,226
900,486,230
900,185,230
1015,0,231
1200,115,231
1200,417,231
1200,718,228
1200,1019,226
1200,1319,224
1200,1619,223
1200,1920,225
1200,2220,223
1200,2520,220
1200,2822,215
1200,3122,210
1200,3422,208
1200,3723,210
1200,4023,211
1200,4323,215
1200,4624,215
1200,4925,216
1200,5225,216
1200,5526,215
1200,5826,216
1200,6126,218
1200,6427,221
1200,6727,221
1200,7028,223
1200,7329,224
1200,7629,224
1200,7929,223
1200,8230,222
1200,8530,225
1200,8830,225
1200,9132,227
1200,9432,230
1200,9732,230
1200,10033,230
1200,10333,230
1200,10633,234
1200,10934,235
1200,11235,232
1200,11536,228
1336,11700,239
1500,11564,238
1500,11264,238
1500,10963,236
1500,10663,234
1500,10361,229
1500,10061,227
1500,9761,229
1500,9460,227
1500,9160,226
1500,8860,225
1500,8560,224
1500,8258,223
1500,7956,223
1500,7656,225
1500,7356,225
1500,7056,224
1500,6755,223
1500,6455,223
1500,6155,221
1500,5853,220
1500,5553,218
1500,5252,218
1500,4952,219
1500,4652,218
1500,4352,221
1500,4051,220
1500,3750,218
1500,3449,217
1500,3149,218
1500,2849,220
1500,2548,225
1500,2248,227
1500,1948,228
1500,1646,227
1500,1346,228
1500,1046,229
1500,745,230
1500,445,233
1500,145,233
1655,0,235
1800,157,234
1800,457,233
1800,758,232
1800,1058,233
1800,1358,233
1800,1659,231
1800,1959,230
1800,2260,228
1800,2561,226
1800,2861,224
1800,3161,226
1800,3462,226
1800,3762,225
1800,4062,225
1800,4364,223
1800,4664,222
1800,4964,222
1800,5265,222
1800,5565,223
1800,5865,225
1800,6166,225
1800,6467,225
1800,6768,227
1800,7068,227
1800,7368,227
1800,7668,225
1800,7969,224
1800,8269,225
1800,8571,226
1800,8872,224
1800,9172,226
1800,9473,227
1800,9773,230
1800,10073,233
1800,10374,234
1800,10674,237
1800,10976,237
1800,11276,241
1800,11576,242
1976,11700,242
2100,11523,242
2100,11223,238
2100,10923,237
2100,10621,237
2100,10321,234
2100,10020,232
2100,9720,230
2100,9420,228
2100,9120,227
2100,8819,226
2100,8518,226
2100,8217,226
2100,7917,226
2100,7617,227
2100,7316,227
2100,7016,227
2100,6716,227
2100,6414,227
2100,6114,227
2100,5814,225
2100,5513,225
2100,5213,223
2100,4913,224
2100,4612,225
2100,4311,226
2100,4011,228
2100,3710,229
2100,3410,227
2100,3110,229
2100,2809,229
2100,2509,229
2100,2208,232
2100,1907,233
2100,1607,235
2100,1307,236
2100,1006,234
2100,706,233
2100,406,236
2100,104,237
2297,0,236
2400,198,236
2400,498,236
2400,798,235
2400,1099,237
2400,1399,234
2400,1699,235
2400,2001,232
2400,2301,232
2400,2601,231
2400,2902,231
2400,3202,230
2400,3502,230
2400,3803,229
2400,4104,229
2400,4404,226
2400,4705,226
2400,5005,226
2400,5305,226
2400,5606,228
2400,5906,227
2400,6208,229
2400,6508,229
2400,6808,227
2400,7108,226
2400,7409,228
2400,7709,227
2400,8009,227
2400,8311,226
2400,8611,227
2400,8912,227
2400,9212,229
2400,9512,232
2400,9812,233
2400,10113,236
2400,10414,236
2400,10715,237
2400,11015,237
2400,11315,237
2400,11616,240
2616,11700,240
2700,11484,237
2700,11182,238
2700,10882,237
2700,10582,237
2700,10281,234
2700,9981,236
2700,9681,233
2700,9380,230
2700,9079,228
2700,8779,229
2700,8478,226
2700,8178,226
2700,7878,226
2700,7577,230
2700,7277,228
2700,6976,229
2700,6674,229
2700,6374,228
2700,6073,228
2700,5773,229
2700,5473,228
2700,5172,227
2700,4872,228
2700,4571,228
2700,4270,229
2700,3970,231
2700,3670,232
2700,3369,232
2700,3069,234
2700,2769,234
2700,2467,235
2700,2167,237
2700,1867,237
2700,1566,237
2700,1266,236
2700,966,237
2700,665,236
2700,364,237
2700,64,236
2937,0,237
3000,237,237
3000,537,237
3000,838,237
3000,1138,239
3000,1440,239
3000,1740,240
3000,2040,240
3000,2340,238
3000,2641,237
3000,2941,235
3000,3241,235
3000,3543,235
3000,3843,233
3000,4144,232
3000,4444,231
3000,4744,231
3000,5044,230
3000,5345,229
3000,5646,231
3000,5947,230
3000,6247,232
3000,6547,230
3000,6848,232
3000,7148,230
3000,7448,228
3000,7750,226
3000,8051,229
3000,8352,230
3000,8652,230
3000,8952,231
3000,9252,234
3000,9553,235
3000,9853,236
3000,10155,236
3000,10455,235
3000,10755,239
3000,11056,239
3000,11356,238
3000,11656,238
3256,11700,238
3300,11442,240
3300,11142,239
3300,10841,237
3300,10541,234
3300,10241,236
3300,9940,236
3300,9640,235
3300,9339,233
3300,9038,231
3300,8738,231
3300,8438,231
3300,8137,227
3300,7837,228
3300,7537,229
3300,7235,233
3300,6935,231
3300,6635,231
3300,6334,232
3300,6034,231
3300,5734,231
3300,5433,228
3300,5132,231
3300,4832,232
3300,4531,234
3300,4231,236
3300,3931,238
3300,3630,237
3300,3330,238
3300,3028,238
3300,2728,239
3300,2428,240
3300,2128,240
3300,1827,239
3300,1527,239
3300,1227,239
3300,925,238
3300,625,237
3300,324,236
3300,24,236
3576,0,236
3600,276,236
3600,577,237
3600,878,239
3600,1180,239
3600,1480,240
3600,1780,241
3600,2081,241
3600,2381,241
3600,2681,241
3600,2982,241
3600,3283,239
3600,3584,237
3600,3884,236
3600,4184,235
3600,4484,233
3600,4785,232
3600,5085,232
3600,5387,232
3600,5687,233
3600,5987,233
3600,6288,233
3600,6588,233
3600,6888,233
3600,7188,230
3600,7490,231
3600,7790,230
3600,8091,233
3600,8391,233
3600,8691,231
3600,8992,234
3600,9292,234
3600,9593,236
3600,9894,235
3600,10194,237
3600,10494,238
3600,10795,238
3600,11095,236
3600,11395,239
3600,11697,238
3897,11700,238
3900,11403,237
3900,11102,237
3900,10802,237
3900,10502,236
3900,10201,236
3900,9900,236
3900,9600,235
3900,9299,234
3900,8999,232
3900,8699,232
3900,8398,233
3900,8098,232
3900,7796,233
3900,7495,230
3900,7195,233
3900,6894,232
3900,6594,233
3900,6294,233
3900,5993,232
3900,5693,231
3900,5392,232
3900,5091,232
3900,4791,233
3900,4491,234
3900,4190,236
3900,3890,238
3900,3590,239
3900,3288,240
3900,2988,241
3900,2688,241
3900,2387,241
3900,2087,242
3900,1787,240
3900,1486,240
3900,1185,239
3900,884,238
3900,584,236
3900,284,238
3916,0,237
4200,17,238
4200,317,237
4200,619,237
4200,919,239
4200,1219,238
4200,1520,241
4200,1820,242
4200,2120,242
4200,2420,241
4200,2722,241
4200,3022,240
4200,3323,239
4200,3623,237
4200,3923,235
4200,4224,234
4200,4524,232
4200,4825,231
4200,5126,232
4200,5426,233
4200,5726,233
4200,6027,232
4200,6327,233
4200,6627,232
4200,6929,232
4200,7229,233
4200,7529,233
4200,7830,234
4200,8130,233
4200,8430,233
4200,8731,234
4200,9032,235
4200,9334,236
4200,9634,237
4200,9934,238
4200,10235,239
4200,10535,239
4200,10835,240
4200,11136,238
4200,11437,236
4237,11700,236
4500,11662,238
4500,11362,241
4500,11062,241
4500,10761,239
4500,10461,240
4500,10160,240
4500,9859,239
4500,9559,237
4500,9259,236
4500,8958,235
4500,8658,234
4500,8358,234
4500,8056,234
4500,7756,233
4500,7456,233
4500,7155,233
4500,6855,233
4500,6555,233
4500,6254,233
4500,5953,233
4500,5652,231
4500,5352,230
4500,5052,231
4500,4752,232
4500,4451,234
4500,4151,234
4500,3849,236
4500,3549,238
4500,3249,239
4500,2948,241
4500,2648,242
4500,2348,241
4500,2048,241
4500,1746,239
4500,1446,239
4500,1145,239
4500,845,238
4500,545,239
4500,244,239
4556,0,239
4800,57,239
4800,359,237
4800,659,237
4800,960,239
4800,1260,239
4800,1560,239
4800,1860,240
4800,2161,241
4800,2462,239
4800,2763,239
4800,3063,238
4800,3363,237
4800,3664,237
4800,3964,234
4800,4264,235
4800,4566,233
4800,4866,230
4800,5166,232
4800,5467,229
4800,5767,230
4800,6067,229
4800,6368,230
4800,6669,230
4800,6969,231
4800,7270,232
4800,7570,233
4800,7870,233
4800,8171,234
4800,8471,236
4800,8772,236
4800,9073,238
4800,9373,238
4800,9673,239
4800,9974,240
4800,10274,240
4800,10574,241
4800,10876,240
4800,11176,242
4800,11476,240
4877,11700,242
5100,11623,241
5100,11323,241
5100,11022,242
5100,10721,242
5100,10420,240
5100,10120,240
5100,9820,240
5100,9520,239
5100,9219,238
5100,8919,236
5100,8617,234
5100,8317,232
5100,8017,232
5100,7716,230
5100,7416,229
5100,7116,228
5100,6816,229
5100,6514,229
5100,6212,229
5100,5912,229
5100,5612,230
5100,5312,231
5100,5011,231
5100,4711,233
5100,4411,235
5100,4109,235
5100,3809,236
5100,3508,238
5100,3208,239
5100,2908,238
5100,2608,238
5100,2307,239
5100,2006,237
5100,1705,236
5100,1405,237
5100,1105,236
5100,804,237
5100,504,237
5100,204,239
5197,0,237
5400,98,237
5400,398,236
5400,699,235
5400,999,234
5400,1299,234
5400,1600,236
5400,1901,235
5400,2201,237
5400,2502,237
5400,2802,235
5400,3102,236
5400,3403,236
5400,3703,237
5400,4004,235
5400,4305,233
5400,4605,232
5400,4905,231
5400,5206,229
5400,5506,228
5400,5806,228
5400,6108,227
5400,6408,228
5400,6708,228
5400,7009,227
5400,7309,228
5400,7609,228
5400,7910,231
5400,8211,233
5400,8513,235
5400,8813,237
5400,9113,239
5400,9414,237
5400,9714,240
5400,10014,240
5400,10315,241
5400,10616,244
5400,10916,244
5400,11217,242
5400,11517,243
5517,11700,242
5700,11582,242
5700,11282,243
5700,10980,245
5700,10680,242
5700,10380,241
5700,10080,240
5700,9779,239
5700,9479,238
5700,9179,239
5700,8877,237
5700,8577,235
5700,8276,230
5700,7976,229
5700,7676,229
5700,7376,226
5700,7075,227
5700,6774,227
5700,6473,227
5700,6173,226
5700,5873,227
5700,5572,228
5700,5272,230
5700,4972,232
5700,4670,233
5700,4370,236
5700,4070,235
5700,3769,237
5700,3469,236
5700,3169,236
5700,2868,235
5700,2567,236
5700,2267,236
5700,1966,234
5700,1666,233
5700,1366,234
5700,1065,234
5700,765,234
5700,464,236
5700,163,236
5837,0,235
6000,137,234
6000,438,234
6000,738,233
6000,1038,232
6000,1340,232
6000,1641,234
6000,1942,233
6000,2242,234
6000,2542,236
6000,2843,237
6000,3143,237
6000,3443,235
6000,3745,236
6000,4045,236
6000,4345,236
6000,4646,234
6000,4946,233
6000,5246,230
6000,5547,229
6000,5848,228
6000,6148,228
6000,6449,228
6000,6749,226
6000,7049,227
6000,7350,228
6000,7650,229
6000,7952,231
6000,8252,234
6000,8552,237
6000,8852,239
6000,9153,238
6000,9453,239
6000,9753,239
6000,10055,239
6000,10355,241
6000,10656,243
6000,10956,244
6000,11256,243
6000,11556,243
6157,11700,244
6300,11542,244
6300,11241,242
6300,10941,241
6300,10641,240
6300,10340,238
6300,10040,237
6300,9740,237
6300,9438,239
6300,9138,237
6300,8838,236
6300,8537,234
6300,8237,231
6300,7937,230
6300,7636,228
6300,7335,228
6300,7033,228
6300,6733,228
6300,6433,228
6300,6132,229
6300,5832,230
6300,5532,232
6300,5232,233
6300,4930,235
6300,4630,234
6300,4329,236
6300,4029,236
6300,3729,236
6300,3428,235
6300,3128,235
6300,2827,235
6300,2526,235
6300,2226,234
6300,1926,233
6300,1625,232
6300,1325,231
6300,1025,232
6300,723,233
6300,423,234
6300,123,236
6477,0,236
6600,178,233
6600,478,232
6600,779,232
6600,1080,231
6600,1380,232
6600,1681,232
6600,1981,234
6600,2281,233
6600,2582,235
6600,2882,234
6600,3184,235
6600,3484,235
6600,3784,234
6600,4084,234
6600,4385,235
6600,4685,233
6600,4985,232
6600,5287,232
6600,5587,229
6600,5888,229
6600,6188,227
6600,6488,228
6600,6788,227
6600,7089,227
6600,7390,227
6600,7691,230
6600,7991,230
6600,8291,231
6600,8592,234
6600,8892,235
6600,9192,236
6600,9494,237
6600,9795,237
6600,10096,236
6600,10396,238
6600,10696,240
6600,10996,239
6600,11297,242
6600,11597,243
6798,11700,243
6900,11501,240
6900,11201,239
6900,10900,237
6900,10600,237
6900,10300,235
6900,10000,236
6900,9698,236
6900,9398,235
6900,9097,234
6900,8797,233
6900,8497,231
6900,8196,231
6900,7896,230
6900,7595,228
6900,7294,227
6900,6994,228
6900,6694,227
6900,6393,228
6900,6093,229
6900,5793,230
6900,5491,232
6900,5191,233
6900,4891,233
6900,4590,234
6900,4290,233
6900,3990,235
6900,3689,234
6900,3388,235
6900,3088,234
6900,2787,235
6900,2487,234
6900,2187,233
6900,1886,233
6900,1586,232
6900,1284,231
6900,984,232
6900,684,232
6900,384,234
6900,83,234
7117,0,234
7200,217,232
7200,519,232
7200,820,232
7200,1121,232
7200,1421,233
7200,1721,233
7200,2022,233
7200,2322,234
7200,2622,234
7200,2924,234
7200,3224,234
7200,3524,234
7200,3825,233
7200,4125,234
7200,4425,234
7200,4726,234
7200,5027,232
7200,5328,232
7200,5628,230
7200,5928,229
7200,6228,227
7200,6529,229
7200,6829,228
7200,7131,229
7200,7431,229
7200,7731,231
7200,8032,231
7200,8332,231
7200,8632,232
7200,8932,233
7200,9234,235
7200,9534,235
7200,9835,235
7200,10135,235
7200,10435,235
7200,10736,237
7200,11036,239
7200,11337,240
7200,11638,240
7438,11700,241
7500,11462,238
7500,11161,237
7500,10861,236
7500,10561,235
7500,10259,234
7500,9959,234
7500,9659,233
7500,9358,232
7500,9058,231
7500,8758,230
7500,8457,230
7500,8156,231
7500,7856,231
7500,7555,230
7500,7255,229
7500,6955,229
7500,6654,228
7500,6354,229
7500,6052,232
7500,5751,231
7500,5451,232
7500,5150,233
7500,4850,233
7500,4550,234
7500,4249,235
7500,3949,235
7500,3648,234
7500,3347,235
7500,3047,235
7500,2747,235
7500,2446,236
7500,2146,233
7500,1846,233
7500,1544,233
7500,1244,232
7500,944,232
7500,643,232
7500,343,232
7500,43,232
7757,0,233
7800,259,232
7800,560,233
7800,860,232
7800,1160,232
7800,1460,233
7800,1761,236
7800,2061,237
7800,2363,238
7800,2663,236
7800,2963,235
7800,3264,237
7800,3564,235
7800,3864,234
7800,4164,234
7800,4466,234
7800,4766,233
7800,5067,233
7800,5367,230
7800,5667,228
7800,5968,229
7800,6268,227
7800,6569,226
7800,6870,227
7800,7170,229
7800,7470,229
7800,7771,229
7800,8071,230
7800,8371,230
7800,8673,229
7800,8974,229
7800,9275,229
7800,9575,231
7800,9875,232
7800,10176,233
7800,10476,233
7800,10776,235
7800,11078,237
7800,11378,237
7800,11678,238
8078,11700,236
8100,11421,235
8100,11121,234
8100,10820,233
8100,10519,232
8100,10219,230
8100,9918,228
8100,9618,229
8100,9318,228
8100,9017,229
8100,8717,230
8100,8416,228
8100,8115,230
8100,7815,227
8100,7515,227
8100,7214,228
8100,6914,226
8100,6614,226
8100,6312,228
8100,6012,228
8100,5712,228
8100,5411,231
8100,5111,233
8100,4811,234
8100,4510,235
8100,4209,236
8100,3908,236
8100,3608,236
8100,3308,236
8100,3008,236
8100,2707,237
8100,2407,236
8100,2105,237
8100,1805,234
8100,1505,234
8100,1204,231
8100,904,232
8100,604,233
8100,304,233
8100,2,233
8398,0,232
8400,299,232
8400,599,233
8400,899,231
8400,1200,234
8400,1500,236
8400,1801,236
8400,2103,239
8400,2403,237
8400,2704,238
8400,3004,237
8400,3304,238
8400,3604,235
8400,3905,235
8400,4206,235
8400,4507,234
8400,4807,233
8400,5107,230
8400,5408,230
8400,5708,229
8400,6008,226
8400,6310,226
8400,6610,227
8400,6910,226
8400,7211,228
8400,7511,228
8400,7811,226
8400,8112,228
8400,8413,229
8400,8713,229
8400,9014,228
8400,9314,229
8400,9614,229
8400,9915,229
8400,10215,231
8400,10516,233
8400,10817,231
8400,11117,232
8400,11417,235
8417,11700,234
8700,11682,231
8700,11382,231
8700,11080,230
8700,10780,230
8700,10480,229
8700,10179,227
8700,9879,228
8700,9579,228
8700,9278,229
8700,8977,229
8700,8676,230
8700,8376,227
8700,8076,226
8700,7776,227
8700,7475,225
8700,7175,226
8700,6873,226
8700,6572,226
8700,6272,226
8700,5971,228
8700,5671,230
8700,5371,231
8700,5070,231
8700,4770,233
8700,4468,236
8700,4168,237
8700,3868,237
8700,3568,237
8700,3267,236
8700,2967,238
8700,2667,238
8700,2365,237
8700,2065,235
8700,1764,234
8700,1464,233
8700,1164,233
8700,864,231
8700,563,232
8700,262,232
8738,0,232
9000,39,231
9000,339,231
9000,640,231
9000,940,233
9000,1240,234
9000,1542,233
9000,1842,236
9000,2142,236
9000,2443,238
9000,2743,239
9000,3043,238
9000,3344,235
9000,3645,235
9000,3945,236
9000,4246,234
9000,4546,234
9000,4846,232
9000,5147,232
9000,5447,231
9000,5748,228
9000,6049,227
9000,6349,227
9000,6649,226
9000,6950,225
9000,7250,225
9000,7550,228
9000,7852,228
9000,8152,229
9000,8452,228
9000,8753,228
9000,9053,229
9000,9353,227
9000,9654,228
9000,9955,229
9000,10257,229
9000,10557,231
9000,10857,230
9000,11158,232
9000,11458,231
9058,11700,217
9300,11641,205
9300,11340,227
9300,11040,231
9300,10739,230
9300,10439,227
9300,10139,227
9300,9838,229
9300,9538,227
9300,9236,227
9300,8936,226
9300,8636,228
9300,8336,229
9300,8035,227
9300,7735,225
9300,7435,222
9300,7133,223
9300,6833,225
9300,6532,226
9300,6232,228
9300,5932,231
9300,5632,232
9300,5331,232
9300,5030,230
9300,4729,232
9300,4429,233
9300,4129,234
9300,3828,234
9300,3528,235
9300,3228,236
9300,2926,237
9300,2626,237
9300,2326,236
9300,2025,235
9300,1725,233
9300,1425,233
9300,1124,231
9300,823,231
9300,523,231
9300,222,234
9378,0,232
9600,78,232
9600,379,231
9600,679,231
9600,980,231
9600,1282,232
9600,1582,233
9600,1883,233
9600,2183,234
9600,2483,237
9600,2784,236
9600,3084,235
9600,3385,232
9600,3686,234
9600,3986,232
9600,4286,232
9600,4587,230
9600,4887,229
9600,5187,229
9600,5489,229
9600,5789,229
9600,6089,226
9600,6390,224
9600,6690,223
9600,6990,222
9600,7291,220
9600,7592,222
9600,7892,226
9600,8193,227
9600,8493,228
9600,8793,225
9600,9094,225
9600,9394,226
9600,9696,228
9600,9996,229
9600,10296,228
9600,10596,229
9600,10897,227
9600,11197,204
9600,11497,187
9699,11700,180
9900,11601,190
9900,11300,221
9900,11000,229
9900,10700,229
9900,10400,229
9900,10099,225
9900,9798,227
9900,9497,224
9900,9197,223
9900,8897,224
9900,8596,225
9900,8296,225
9900,7996,223
9900,7694,221
9900,7394,221
9900,7094,223
9900,6793,223
9900,6493,225
9900,6193,225
9900,5892,228
9900,5591,228
9900,5289,228
9900,4989,227
9900,4689,229
9900,4388,231
9900,4088,232
9900,3788,232
9900,3488,232
9900,3186,235
9900,2886,233
9900,2585,233
9900,2285,233
9900,1985,231
9900,1684,231
9900,1384,230
9900,1083,231
9900,782,231
9900,482,232
9900,182,232
10018,0,232
10200,119,232
10200,419,231
10200,721,232
10200,1021,230
10200,1321,231
10200,1622,231
10200,1922,233
10200,2222,232
10200,2523,234
10200,2824,233
10200,3124,233
10200,3425,230
10200,3725,229
10200,4025,228
10200,4326,228
10200,4626,226
10200,4928,226
10200,5228,225
10200,5528,225
10200,5829,225
10200,6129,223
10200,6429,221
10200,6729,220
10200,7031,220
10200,7331,219
10200,7632,220
10200,7932,222
10200,8232,222
10200,8532,222
10200,8833,222
10200,9134,221
10200,9436,224
10200,9736,225
10200,10036,226
10200,10337,228
10200,10637,229
10200,10937,230
10200,11238,229
10200,11539,226
10339,11700,229
10500,11560,228
10500,11260,228
10500,10960,229
10500,10659,228
10500,10359,227
10500,10057,224
10500,9757,222
10500,9457,221
10500,9156,221
10500,8856,221
10500,8556,221
10500,8256,220
10500,7954,219
10500,7654,219
10500,7353,217
10500,7053,218
10500,6753,220
10500,6452,222
10500,6152,223
10500,5851,224
10500,5550,224
10500,5250,225
10500,4950,225
10500,4649,226
10500,4349,226
10500,4049,229
10500,3747,230
10500,3447,231
10500,3147,233
10500,2846,234
10500,2546,232
10500,2246,232
10500,1945,231
10500,1644,231
10500,1344,231
10500,1043,231
10500,743,232
10500,443,233
10500,142,231
10658,0,232
10800,160,232
10800,460,232
10800,760,231
10800,1060,231
10800,1361,231
10800,1661,230
10800,1961,231
10800,2263,233
10800,2564,233
10800,2865,230
10800,3165,230
10800,3465,227
10800,3766,227
10800,4066,225
10800,4366,224
10800,4668,222
10800,4968,223
10800,5268,220
10800,5569,221
10800,5869,220
10800,6169,218
10800,6470,217
10800,6771,215
10800,7072,215
10800,7372,215
10800,7672,215
10800,7972,220
10800,8273,220
10800,8573,219
10800,8875,219
10800,9175,220
10800,9475,222
10800,9776,223
10800,10076,226
10800,10376,228
10800,10676,228
10800,10978,229
10800,11278,227
10800,11579,227
10979,11700,226
11100,11521,227
11100,11220,227
11100,10920,226
11100,10619,226
11100,10318,223
11100,10018,222
11100,9718,221
11100,9417,220
11100,9117,220
11100,8817,220
11100,8515,218
11100,8215,217
11100,7915,215
11100,7614,214
11100,7314,213
11100,7014,212
11100,6713,213
11100,6412,214
11100,6110,216
11100,5810,219
11100,5510,220
11100,5209,222
11100,4909,223
11100,4609,223
11100,4308,225
11100,4007,226
11100,3707,226
11100,3406,229
11100,3106,229
11100,2806,232
11100,2505,231
11100,2205,230
11100,1904,231
11100,1603,230
11100,1303,230
11100,1003,230
11100,702,230
11100,402,231
11100,102,232
11300,0,231
11400,200,230
11400,500,228
11400,801,230
11400,1101,230
11400,1401,231
11400,1702,230
11400,2003,229
11400,2304,230
11400,2604,230
11400,2904,230
11400,3204,228
11400,3505,226
11400,3805,225
11400,4107,223
11400,4407,223
11400,4707,222
11400,5008,220
11400,5308,218
11400,5608,214
11400,5908,213
11400,6210,210
11400,6510,211
11400,6811,211
11400,7111,211
11400,7411,212
11400,7712,214
11400,8012,217
11400,8313,219
11400,8614,220
11400,8914,220
11400,9214,220
11400,9515,221
11400,9815,222
11400,10115,222
11400,10417,223
11400,10718,224
11400,11019,225
11400,11319,226
11400,11619,226
11619,11700,225
11700,11480,224
11700,11180,224
11700,10878,223
11700,10578,221
11700,10278,222
11700,9977,221
11700,9677,218
11700,9377,220
11700,9076,220
11700,8775,218
11700,8475,218
11700,8174,215
11700,7874,212
11700,7574,211
11700,7273,209
11700,6973,208
11700,6672,211
11700,6371,211
11700,6071,215
11700,5771,215
11700,5470,217
11700,5170,220
11700,4870,222
11700,4568,222
11700,4268,223
11700,3968,225
11700,3667,227
11700,3367,229
11700,3067,230
11700,2766,229
11700,2465,229
11700,2164,229
11700,1864,228
11700,1564,230
11700,1264,229
11700,963,230
11700,663,228
11700,361,229
11700,61,229
11939,0,230
12000,240,230
12000,540,229
12000,840,231
12000,1140,231
12000,1442,229
12000,1744,229
12000,2044,228
12000,2344,228
12000,2644,228
12000,2945,229
12000,3245,227
12000,3545,226
12000,3847,223
12000,4147,222
12000,4448,221
12000,4748,221
12000,5048,218
12000,5348,215
12000,5649,213
12000,5950,213
12000,6251,209
12000,6551,209
12000,6851,210
12000,7152,211
12000,7452,212
12000,7752,212
12000,8054,216
12000,8354,218
12000,8654,219
12000,8955,221
12000,9255,220
12000,9555,220
12000,9856,220
12000,10157,221
12000,10457,222
12000,10758,223
12000,11058,224
12000,11358,224
12000,11659,223
12259,11700,223
12300,11440,223
12300,11139,222
12300,10839,221
12300,10539,219
12300,10238,219
12300,9938,219
12300,9638,219
12300,9336,218
12300,9036,218
12300,8736,218
12300,8435,216
12300,8135,214
12300,7835,211
12300,7534,211
12300,7233,211
12300,6932,209
12300,6632,209
12300,6332,211
12300,6032,215
12300,5731,217
12300,5431,218
12300,5129,220
12300,4828,221
12300,4528,222
12300,4227,222
12300,3927,223
12300,3627,226
12300,3326,227
12300,3026,229
12300,2724,228
12300,2424,227
12300,2124,227
12300,1824,227
12300,1523,228
12300,1223,231
12300,923,228
12300,621,228
12300,321,227
12300,20,227
12580,0,228
12600,280,228
12600,581,227
12600,881,228
12600,1182,228
12600,1483,227
12600,1783,227
12600,2083,227
12600,2384,227
12600,2684,226
12600,2984,225
12600,3286,223
12600,3586,223
12600,3886,221
12600,4187,222
12600,4487,224
12600,4787,223
12600,5088,222
12600,5389,220
12600,5689,217
12600,5990,214
12600,6290,211
12600,6590,211
12600,6891,211
12600,7191,213
12600,7492,211
12600,7793,212
12600,8093,213
12600,8393,216
12600,8694,216
12600,8994,217
12600,9294,217
12600,9596,216
12600,9897,217
12600,10198,217
12600,10498,218
12600,10798,219
12600,11099,219
12600,11399,220
12600,11699,221
12900,11699,220
12900,11399,218
12900,11099,216
12900,10798,216
12900,10498,215
12900,10198,214
12900,9897,215
12900,9596,215
12900,9296,215
12900,8995,217
12900,8695,215
12900,8395,214
12900,8094,213
12900,7794,212
12900,7492,213
12900,7192,213
12900,6892,213
12900,6592,212
12900,6291,215
12900,5991,219
12900,5691,222
12900,5389,225
12900,5089,226
12900,4788,223
12900,4488,223
12900,4188,223
12900,3888,221
12900,3587,221
12900,3286,222
12900,2985,224
12900,2685,225
12900,2385,226
12900,2084,226
12900,1784,227
12900,1484,227
12900,1182,226
12900,882,227
12900,582,228
12900,281,228
12919,0,228
13200,19,227
13200,320,227
13200,621,226
13200,921,227
13200,1222,227
13200,1522,226
13200,1822,226
13200,2123,225
13200,2423,223
13200,2724,223
13200,3026,222
13200,3326,221
13200,3627,222
13200,3927,223
13200,4227,225
13200,4528,225
13200,4828,226
13200,5129,225
13200,5430,222
13200,5730,220
13200,6030,217
13200,6331,216
13200,6631,213
13200,6931,215
13200,7233,214
13200,7533,211
13200,7833,212
13200,8134,215
13200,8434,216
13200,8734,215
13200,9035,215
13200,9336,213
13200,9636,212
13200,9937,213
13200,10237,214
13200,10537,214
13200,10838,216
13200,11138,217
13200,11440,220