0,77,225
0,377,228
0,677,229
0,978,230
0,1278,229
0,1578,229
0,1878,226
0,2180,225
0,2480,225
0,2781,224
0,3081,226
0,3381,227
0,3682,229
0,3982,232
0,4283,234
0,4584,233
0,4884,237
0,5184,235
0,5485,235
0,5785,233
0,6085,231
0,6387,231
0,6688,231
0,6989,229
0,7289,228
0,7589,227
0,7890,229
0,8190,228
0,8490,229
0,8792,231
0,9092,234
0,9392,237
0,9693,237
0,9993,238
0,10293,237
0,10594,238
0,10895,241
0,11195,239
0,11496,238
96,11700,238
300,11604,238
300,11303,238
300,11003,239
300,10701,237
300,10401,237
300,10101,236
300,9801,236
300,9500,234
300,9200,234
300,8900,231
300,8598,229
300,8298,229
300,7997,227
300,7697,228
300,7397,229
300,7097,229
300,6796,231
300,6495,229
300,6194,232
300,5894,235
300,5594,236
300,5293,234
300,4993,236
300,4693,234
300,4391,231
300,4091,230
300,3791,227
300,3490,226
300,3190,225
300,2890,225
300,2589,225
300,2288,228
300,1986,229
300,1686,230
300,1386,230
300,1085,230
300,785,228
300,485,227
300,185,225
417,0,227
600,117,229
600,418,229
600,718,232
600,1018,231
600,1319,230
600,1619,228
600,1920,226
600,2221,225
600,2521,222
600,2821,222
600,3122,222
600,3422,227
600,3722,226
600,4024,229
600,4324,231
600,4624,234
600,4925,232
600,5225,234
600,5525,233
600,5826,234
600,6127,231
600,6427,230
600,6728,230
600,7028,228
600,7328,227
600,7629,227
600,7929,227
600,8231,227
600,8531,228
600,8831,232
600,9131,232
600,9432,236
600,9732,237
600,10032,239
600,10334,238
600,10634,240
600,10935,239
600,11235,238
600,11535,238
735,11700,240
900,11564,239
900,11263,241
900,10962,240
900,10662,240
900,10362,240
900,10061,239
900,9761,237
900,9461,236
900,9159,232
900,8858,231
900,8557,228
900,8257,227
900,7957,226
900,7657,228
900,7356,229
900,7056,229
900,6754,229
900,6454,231
900,6154,232
900,5853,233
900,5553,232
900,5253,234
900,4953,231
900,4651,229
900,4351,226
900,4050,224
900,3750,223
900,3450,221
900,3149,217
900,2849,218
900,2548,220
900,2247,225
900,1947,226
900,1647,228
900,1346,231
900,1046,231
900,746,231
900,444,230
900,144,231
1056,0,229
1200,157,230
1200,457,232
1200,757,233
1200,1058,232
1200,1359,227
1200,1660,224
1200,1960,222
1200,2260,220
1200,2560,217
1200,2861,216
1200,3161,217
1200,3463,218
1200,3763,221
1200,4063,223
1200,4364,224
1200,4664,226
1200,4964,230
1200,5264,230
1200,5566,231
1200,5868,230
1200,6168,227
1200,6468,231
1200,6768,228
1200,7069,227
1200,7369,226
1200,7669,227
1200,7971,226
1200,8271,225
1200,8572,229
1200,8872,230
1200,9172,233
1200,9472,236
1200,9773,237
1200,10074,238
1200,10375,239
1200,10675,239
1200,10975,241
1200,11276,239
1200,11576,239
1376,11700,241
1500,11522,240
1500,11222,241
1500,10922,239
1500,10621,239
1500,10321,241
1500,10021,238
1500,9720,238
1500,9419,236
1500,9119,232
1500,8818,230
1500,8518,226
1500,8218,227
1500,7917,225
1500,7617,227
1500,7316,226
1500,7015,228
1500,6715,229
1500,6415,229
1500,6114,229
1500,5814,230
1500,5514,228
1500,5212,228
1500,4912,227
1500,4612,224
1500,4311,221
1500,4011,220
1500,3711,218
1500,3410,216
1500,3109,214
1500,2808,215
1500,2508,216
1500,2208,221
1500,1908,223
1500,1607,225
1500,1307,228
1500,1005,232
1500,704,231
1500,404,229
1500,103,229
1697,0,227
1800,197,229
1800,498,229
1800,798,229
1800,1100,228
1800,1400,225
1800,1700,221
1800,2000,221
1800,2301,216
1800,2601,213
1800,2901,214
1800,3203,214
1800,3503,215
1800,3804,218
1800,4104,222
1800,4404,225
1800,4704,228
1800,5005,231
1800,5306,229
1800,5607,229
1800,5907,229
1800,6207,229
1800,6508,228
1800,6808,226
1800,7108,226
1800,7410,226
1800,7710,226
1800,8010,226
1800,8311,230
1800,8611,230
1800,8911,234
1800,9212,236
1800,9513,239
1800,9813,240
1800,10114,239
1800,10414,241
1800,10714,241
1800,11015,242
1800,11315,240
1800,11616,242
2017,11700,241
2100,11483,240
2100,11183,242
2100,10882,241
2100,10582,240
2100,10282,239
2100,9980,240
2100,9679,239
2100,9378,238
2100,9078,237
2100,8778,233
2100,8477,231
2100,8177,226
2100,7877,226
2100,7575,227
2100,7275,226
2100,6975,226
2100,6674,229
2100,6374,229
2100,6074,231
2100,5773,229
2100,5472,230
2100,5172,230
2100,4871,228
2100,4571,224
2100,4271,222
2100,3970,218
2100,3670,214
2100,3368,212
2100,3068,213
2100,2768,215
2100,2468,217
2100,2167,220
2100,1867,223
2100,1567,225
2100,1265,227
2100,965,227
2100,664,225
2100,364,229
2100,64,228
2336,0,226
2400,237,229
2400,538,226
2400,839,226
2400,1139,226
2400,1439,224
2400,1740,221
2400,2040,219
2400,2340,215
2400,2642,215
2400,2942,215
2400,3242,216
2400,3543,218
2400,3843,220
2400,4143,225
2400,4444,226
2400,4745,229
2400,5045,229
2400,5346,229
2400,5646,230
2400,5946,229
2400,6247,228
2400,6547,228
2400,6848,226
2400,7150,225
2400,7450,224
2400,7751,226
2400,8051,227
2400,8351,232
2400,8652,234
2400,8952,236
2400,9253,238
2400,9554,241
2400,9854,240
2400,10154,241
2400,10455,239
2400,10755,242
2400,11055,243
2400,11357,241
2400,11657,240
2657,11700,242
2700,11442,241
2700,11142,242
2700,10842,242
2700,10541,240
2700,10240,242
2700,9940,240
2700,9639,240
2700,9339,237
2700,9039,236
2700,8738,231
2700,8438,229
2700,8136,225
2700,7836,222
2700,7536,223
2700,7236,225
2700,6935,224
2700,6635,227
2700,6335,228
2700,6033,230
2700,5733,229
2700,5432,230
2700,5132,230
2700,4832,228
2700,4532,226
2700,4231,225
2700,3930,222
2700,3629,220
2700,3329,217
2700,3029,215
2700,2728,216
2700,2428,218
2700,2128,221
2700,1826,222
2700,1525,225
2700,1224,225
2700,924,226
2700,624,227
2700,324,225
2700,23,224
2977,0,224
3000,279,225
3000,579,225
3000,879,226
3000,1180,225
3000,1480,223
3000,1780,221
3000,2080,220
3000,2382,221
3000,2682,218
3000,2983,217
3000,3283,219
3000,3583,223
3000,3884,225
3000,4184,227
3000,4485,229
3000,4786,230
3000,5086,232
3000,5386,231
3000,5687,229
3000,5987,227
3000,6287,225
3000,6589,223
3000,6889,222
3000,7189,220
3000,7490,219
3000,7790,219
3000,8090,224
3000,8391,229
3000,8692,233
3000,8992,235
3000,9293,238
3000,9593,239
3000,9893,240
3000,10194,240
3000,10494,241
3000,10796,240
3000,11096,241
3000,11396,239
3000,11696,240
3297,11700,239
3300,11403,239
3300,11103,240
3300,10801,240
3300,10501,240
3300,10200,241
3300,9900,240
3300,9600,238
3300,9300,237
3300,8999,234
3300,8698,228
3300,8396,226
3300,8096,220
3300,7796,217
3300,7495,216
3300,7195,218
3300,6895,219
3300,6594,224
3300,6293,227
3300,5992,228
3300,5692,229
3300,5392,231
3300,5092,230
3300,4791,229
3300,4491,228
3300,4189,227
3300,3889,224
3300,3589,221
3300,3288,219
3300,2988,219
3300,2688,220
3300,2388,221
3300,2086,224
3300,1786,225
3300,1485,224
3300,1185,225
3300,885,226
3300,584,225
3300,284,224
3317,0,223
3600,18,224
3600,318,225
3600,618,224
3600,919,224
3600,1219,225
3600,1519,225
3600,1821,225
3600,2121,221
3600,2421,219
3600,2722,219
3600,3022,219
3600,3322,219
3600,3623,221
3600,3924,223
3600,4224,229
3600,4525,228
3600,4825,231
3600,5125,230
3600,5426,228
3600,5726,227
3600,6028,226
3600,6329,224
3600,6629,220
3600,6930,215
3600,7230,212
3600,7530,214
3600,7831,217
3600,8131,222
3600,8432,227
3600,8733,231
3600,9033,235
3600,9333,238
3600,9634,239
3600,9934,239
3600,10234,240
3600,10536,240
3600,10836,240
3600,11136,241
3600,11437,240
3637,11700,237
3900,11663,239
3900,11362,240
3900,11061,240
3900,10760,240
3900,10460,240
3900,10160,240
3900,9860,239
3900,9559,239
3900,9259,236
3900,8957,233
3900,8657,226
3900,8357,220
3900,8056,218
3900,7756,214
3900,7456,211
3900,7156,215
3900,6854,216
3900,6554,221
3900,6253,224
3900,5953,226
3900,5653,226
3900,5352,228
3900,5052,229
3900,4751,228
3900,4450,224
3900,4150,223
3900,3850,219
3900,3549,216
3900,3249,217
3900,2949,215
3900,2647,217
3900,2347,220
3900,2047,221
3900,1746,224
3900,1446,225
3900,1146,224
3900,845,223
3900,544,225
3900,242,224
3958,0,225
4200,58,224
4200,359,225
4200,659,224
4200,959,224
4200,1260,224
4200,1561,223
4200,1861,220
4200,2162,217
4200,2462,213
4200,2762,213
4200,3063,214
4200,3363,215
4200,3664,216
4200,3965,219
4200,4265,222
4200,4565,226
4200,4866,226
4200,5166,228
4200,5466,226
4200,5768,225
4200,6068,223
4200,6368,219
4200,6669,215
4200,6969,213
4200,7269,211
4200,7570,213
4200,7871,216
4200,8172,220
4200,8472,225
4200,8772,230
4200,9072,234
4200,9373,236
4200,9673,238
4200,9975,237
4200,10275,238
4200,10575,239
4200,10876,239
4200,11176,237
4200,11476,237
4276,11700,238
4500,11622,237
4500,11322,237
4500,11021,236
4500,10721,236
4500,10421,237
4500,10120,237
4500,9820,238
4500,9519,235
4500,9217,234
4500,8917,231
4500,8616,226
4500,8316,222
4500,8016,216
4500,7716,216
4500,7415,215
4500,7114,211
4500,6813,217
4500,6513,216
4500,6213,222
4500,5912,223
4500,5612,225
4500,5312,224
4500,5010,225
4500,4710,222
4500,4410,219
4500,4109,218
4500,3809,214
4500,3509,213
4500,3208,213
4500,2907,212
4500,2607,213
4500,2306,216
4500,2006,220
4500,1706,222
4500,1405,222
4500,1105,224
4500,804,225
4500,503,225
4500,203,223
4597,0,223
4800,98,224
4800,398,224
4800,698,222
4800,1000,222
4800,1300,222
4800,1600,219
4800,1901,216
4800,2201,215
4800,2501,213
4800,2802,211
4800,3103,210
4800,3404,211
4800,3704,214
4800,4004,217
4800,4304,217
4800,4605,219
4800,4905,224
4800,5207,225
4800,5507,222
4800,5807,222
4800,6108,219
4800,6408,217
4800,6708,215
4800,7008,216
4800,7310,217
4800,7612,216
4800,7912,220
4800,8212,225
4800,8512,230
4800,8813,234
4800,9113,236
4800,9413,236
4800,9715,238
4800,10015,236
4800,10316,237
4800,10616,234
4800,10916,235
4800,11216,237
4800,11517,237
4918,11700,237
5100,11581,236
5100,11281,236
5100,10981,236
5100,10680,235
5100,10380,234
5100,10080,235
5100,9778,234
5100,9478,234
5100,9178,236
5100,8877,236
5100,8577,230
5100,8277,226
5100,7976,220
5100,7675,217
5100,7375,215
5100,7074,216
5100,6774,216
5100,6474,217
5100,6173,219
5100,5873,221
5100,5572,222
5100,5271,222
5100,4971,221
5100,4671,218
5100,4370,216
5100,4070,213
5100,3770,211
5100,3468,211
5100,3168,209
5100,2868,211
5100,2567,214
5100,2267,217
5100,1967,220
5100,1666,219
5100,1365,221
5100,1063,222
5100,763,223
5100,463,222
5100,162,223
5238,0,221
5400,138,223
5400,439,223
5400,740,223
5400,1040,221
5400,1341,222
5400,1641,220
5400,1941,218
5400,2242,216
5400,2542,214
5400,2844,211
5400,3144,210
5400,3444,211
5400,3744,211
5400,4045,214
5400,4345,216
5400,4645,220
5400,4947,221
5400,5247,221
5400,5548,219
5400,5848,218
5400,6148,220
5400,6448,218
5400,6749,217
5400,7050,217
5400,7351,219
5400,7651,223
5400,7951,226
5400,8252,229
5400,8552,232
5400,8852,234
5400,9154,235
5400,9454,235
5400,9754,234
5400,10055,234
5400,10355,233
5400,10655,234
5400,10956,235
5400,11257,234
5400,11557,236
5557,11700,234
5700,11542,234
5700,11242,234
5700,10941,234
5700,10641,233
5700,10340,234
5700,10039,234
5700,9739,235
5700,9439,234
5700,9138,236
5700,8838,233
5700,8538,231
5700,8236,228
5700,7935,225
5700,7634,223
5700,7334,222
5700,7034,220
5700,6733,220
5700,6433,219
5700,6133,219
5700,5831,220
5700,5531,221
5700,5231,220
5700,4930,221
5700,4630,219
5700,4330,216
5700,4029,211
5700,3728,210
5700,3428,210
5700,3127,213
5700,2827,215
5700,2527,217
5700,2226,218
5700,1926,220
5700,1624,222
5700,1324,221
5700,1024,222
5700,724,222
5700,423,221
5700,123,221
5877,0,219
6000,179,220
6000,479,221
6000,780,222
6000,1080,223
6000,1380,222
6000,1680,221
6000,1981,220
6000,2282,220
6000,2583,213
6000,2883,213
6000,3183,212
6000,3484,211
6000,3784,211
6000,4084,215
6000,4386,217
6000,4686,220
6000,4986,220
6000,5287,219
6000,5587,220
6000,5887,221
6000,6188,220
6000,6489,221
6000,6791,220
6000,7091,221
6000,7391,222
6000,7692,226
6000,7992,229
6000,8292,231
6000,8592,233
6000,8894,235
6000,9194,236
6000,9495,233
6000,9795,233
6000,10095,233
6000,10396,233
6000,10696,233
6000,10997,234
6000,11298,234
6000,11598,233
6198,11700,234
6300,11501,235
6300,11201,233
6300,10901,234
6300,10599,234
6300,10299,234
6300,9999,233
6300,9698,235
6300,9398,235
6300,9098,236
6300,8797,235
6300,8496,231
6300,8196,229
6300,7895,226
6300,7595,224
6300,7295,222
6300,6994,221
6300,6694,222
6300,6392,221
6300,6092,224
6300,5792,222
6300,5492,221
6300,5191,221
6300,4891,219
6300,4591,218
6300,4289,217
6300,3989,213
6300,3688,212
6300,3388,212
6300,3088,214
6300,2788,213
6300,2487,219
6300,2186,221
6300,1885,222
6300,1585,220
6300,1285,221
6300,984,220
6300,684,220
6300,384,219
6300,82,220
6519,0,218
6600,220,220
6600,520,220
6600,820,221
6600,1120,220
6600,1421,221
6600,1721,222
6600,2023,222
6600,2323,219
6600,2623,216
6600,2924,215
6600,3224,214
6600,3524,213
6600,3824,217
6600,4126,217
6600,4426,219
6600,4727,221
6600,5027,221
6600,5327,223
6600,5628,224
6600,5928,222
6600,6229,222
6600,6530,221
6600,6830,223
6600,7130,223
6600,7431,223
6600,7731,226
6600,8031,228
6600,8333,231
6600,8633,234
6600,8933,235
6600,9234,236
6600,9534,237
6600,9834,234
6600,10135,235
6600,10436,234
6600,10736,235
6600,11037,235
6600,11337,235
6600,11637,233
6837,11700,234
6900,11462,235
6900,11160,235
6900,10860,235
6900,10560,234
6900,10260,235
6900,9959,234
6900,9659,236
6900,9359,235
6900,9057,236
6900,8756,234
6900,8455,232
6900,8155,227
6900,7855,225
6900,7554,223
6900,7254,223
6900,6954,223
6900,6652,224
6900,6352,222
6900,6052,222
6900,5751,222
6900,5451,222
6900,5151,223
6900,4850,222
6900,4549,219
6900,4248,218
6900,3948,217
6900,3648,214
6900,3348,214
6900,3047,216
6900,2747,217
6900,2445,219
6900,2145,222
6900,1845,221
6900,1544,221
6900,1244,220
6900,944,219
6900,644,220
6900,342,219
6900,42,221
7158,0,218
7200,259,220
7200,559,222
7200,860,220
7200,1160,222
7200,1461,223
7200,1762,223
7200,2062,221
7200,2362,221
7200,2663,218
7200,2963,217
7200,3263,217
7200,3565,218
7200,3865,218
7200,4165,220
7200,4466,221
7200,4766,224
7200,5066,224
7200,5367,225
7200,5668,223
7200,5968,224
7200,6269,224
7200,6569,224
7200,6869,223
7200,7170,223
7200,7470,223
7200,7772,225
7200,8073,226
7200,8373,230
7200,8674,234
7200,8974,235
7200,9274,237
7200,9575,235
7200,9875,236
7200,10176,237
7200,10477,235
7200,10777,235
7200,11077,235
7200,11378,236
7200,11678,234
7478,11700,234
7500,11420,236
7500,11120,234
7500,10820,234
7500,10519,236
7500,10219,236
7500,9919,236
7500,9618,236
7500,9317,237
7500,9016,235
7500,8716,233
7500,8416,228
7500,8116,226
7500,7815,223
7500,7515,223
7500,7213,222
7500,6913,222
7500,6613,223
7500,6312,225
7500,6012,225
7500,5712,225
7500,5412,226
7500,5110,225
7500,4810,222
7500,4509,222
7500,4209,221
7500,3909,219
7500,3608,218
7500,3308,218
7500,3007,219
7500,2706,221
7500,2406,221
7500,2106,222
7500,1805,224
7500,1505,223
7500,1205,222
7500,903,222
7500,602,220
7500,301,222
7500,1,221
7799,0,222
7800,300,222
7800,600,224
7800,900,225
7800,1202,225
7800,1502,224
7800,1802,225
7800,2103,224
7800,2403,223
7800,2703,221
7800,3004,219
7800,3305,220
7800,3605,221
7800,3906,222
7800,4206,223
7800,4506,224
7800,4807,226
7800,5107,227
7800,5408,228
7800,5709,228
7800,6009,226
7800,6309,225
7800,6610,224
7800,6910,224
7800,7210,222
7800,7512,225
7800,7812,225
7800,8112,228
7800,8413,231
7800,8713,233
7800,9013,236
7800,9314,237
7800,9615,236
7800,9916,236
7800,10216,235
7800,10516,234
7800,10816,235
7800,11117,236
7800,11417,235
7818,11700,236
8100,11681,236
8100,11381,236
8100,11080,234
8100,10780,235
8100,10480,233
8100,10180,233
8100,9878,235
8100,9578,235
8100,9277,234
8100,8977,233
8100,8677,231
8100,8376,228
8100,8076,226
8100,7775,224
8100,7473,223
8100,7173,221
8100,6872,225
8100,6572,224
8100,6272,226
8100,5972,227
8100,5671,227
8100,5370,227
8100,5069,228
8100,4769,225
8100,4469,225
8100,4168,223
8100,3868,222
8100,3568,220
8100,3266,219
8100,2966,221
8100,2666,221
8100,2365,224
8100,2065,224
8100,1765,225
8100,1464,227
8100,1163,227
8100,863,226
8100,562,224
8100,262,223
8138,0,224
8400,39,226
8400,339,227
8400,640,226
8400,941,227
8400,1241,226
8400,1541,226
8400,1842,225
8400,2142,225
8400,2442,222
8400,2744,221
8400,3044,222
8400,3344,220
8400,3645,223
8400,3945,223
8400,4245,226
8400,4546,229
8400,4847,228
8400,5148,228
8400,5448,229
8400,5748,227
8400,6048,227
8400,6349,225
8400,6649,224
8400,6951,222
8400,7252,222
8400,7552,221
8400,7853,225
8400,8153,227
8400,8453,229
8400,8754,231
8400,9054,234
8400,9356,232
8400,9656,234
8400,9956,234
8400,10256,234
8400,10557,235
8400,10857,234
8400,11157,235
8400,11459,234
8459,11700,236
8700,11640,235
8700,11340,235
8700,11040,235
8700,10740,232
8700,10439,232
8700,10138,231
8700,9837,233
8700,9537,233
8700,9237,231
8700,8936,230
8700,8636,228
8700,8336,227
8700,8034,225
8700,7734,222
8700,7434,221
8700,7133,221
8700,6833,223
8700,6533,225
8700,6232,226
8700,5931,227
8700,5631,229
8700,5330,230
8700,5030,228
8700,4730,229
8700,4429,227
8700,4129,225
8700,3828,222
8700,3527,220
8700,3227,219
8700,2927,220
8700,2626,223
8700,2326,224
8700,2026,225
8700,1724,227
8700,1424,227
8700,1124,226
8700,823,228
8700,523,228
8700,223,226
8777,0,229
9000,79,228
9000,381,230
9000,681,228
9000,981,228
9000,1282,227
9000,1582,227
9000,1882,226
9000,2183,223
9000,2484,223
9000,2784,221
9000,3085,221
9000,3385,221
9000,3685,222
9000,3986,224
9000,4286,225
9000,4588,228
9000,4888,229
9000,5188,232
9000,5488,231
9000,5789,228
9000,6089,226
9000,6389,226
9000,6691,225
9000,6991,221
9000,7292,220
9000,7592,222
9000,7892,223
9000,8192,225
9000,8493,226
9000,8794,227
9000,9095,228
9000,9395,230
9000,9695,230
9000,9996,233
9000,10296,230
9000,10596,231
9000,10898,234
9000,11198,235
9000,11498,235
9098,11700,235
9300,11601,233
9300,11301,232
9300,11000,232
9300,10699,230
9300,10399,230
9300,10098,230
9300,9798,231
9300,9498,229
9300,9197,227
9300,8897,225
9300,8596,226
9300,8294,224
9300,7994,221
9300,7693,221
9300,7393,221
9300,7093,223
9300,6792,224
9300,6492,224
9300,6191,229
9300,5890,230
9300,5590,231
9300,5290,231
9300,4989,230
9300,4689,228
9300,4389,225
9300,4087,223
9300,3787,219
9300,3487,219
9300,3186,221
9300,2886,222
9300,2586,223
9300,2285,225
9300,1984,226
9300,1684,228
9300,1383,229
9300,1083,228
9300,783,229
9300,482,230
9300,182,229
9419,0,230
9600,120,231
9600,420,227
9600,720,228
9600,1021,228
9600,1321,228
9600,1621,228
9600,1923,229
9600,2223,225
9600,2524,224
9600,2824,220
9600,3124,218
9600,3424,218
9600,3725,218
9600,4026,223
9600,4327,229
9600,4627,229
9600,4927,230
9600,5228,231
9600,5528,230
9600,5828,228
9600,6130,227
9600,6430,225
9600,6730,222
9600,7031,223
9600,7331,219
9600,7631,219
9600,7932,219
9600,8233,222
9600,8535,225
9600,8835,226
9600,9135,227
9600,9436,229
9600,9736,230
9600,10036,230
9600,10336,230
9600,10638,232
9600,10938,233
9600,11239,233
9600,11539,234
9739,11700,236
9900,11560,233
9900,11260,233
9900,10959,232
9900,10658,231
9900,10358,231
9900,10058,229
9900,9757,228
9900,9457,227
9900,9157,226
9900,8855,223
9900,8555,221
9900,8255,220
9900,7954,219
9900,7654,218
9900,7354,219
9900,7053,221
9900,6752,225
9900,6452,227
9900,6151,228
9900,5851,231
9900,5551,231
9900,5250,228
9900,4950,229
9900,4648,230
9900,4348,225
9900,4048,221
9900,3748,218
9900,3447,218
9900,3147,218
9900,2847,221
9900,2545,227
9900,2245,227
9900,1944,228
9900,1644,228
9900,1344,227
9900,1044,228
9900,743,229
9900,442,229
9900,140,229
10060,0,229
10200,160,230
10200,461,230
10200,761,230
10200,1061,230
10200,1362,228
10200,1663,229
10200,1964,229
10200,2264,227
10200,2564,222
10200,2864,216
10200,3165,218
10200,3465,220
10200,3767,220
10200,4067,223
10200,4367,228
10200,4668,229
10200,4968,231
10200,5268,229
10200,5568,230
10200,5870,230
10200,6170,227
10200,6471,224
10200,6771,220
10200,7071,218
10200,7372,215
10200,7672,215
10200,7973,219
10200,8274,219
10200,8574,223
10200,8874,224
10200,9175,226
10200,9475,229
10200,9775,230
10200,10077,230
10200,10377,230
10200,10677,231
10200,10978,231
10200,11278,233
10200,11578,234
10378,11700,233
10500,11520,233
10500,11220,234
10500,10919,232
10500,10619,232
10500,10319,231
10500,10018,228
10500,9718,228
10500,9416,228
10500,9116,223
10500,8816,221
10500,8516,220
10500,8215,218
10500,7915,216
10500,7615,215
10500,7313,217
10500,7012,220
10500,6711,223
10500,6411,226
10500,6111,230
10500,5810,231
10500,5510,232
10500,5210,231
10500,4908,228
10500,4608,228
10500,4308,226
10500,4007,221
10500,3707,219
10500,3407,217
10500,3106,218
10500,2805,221
10500,2504,225
10500,2204,228
10500,1904,228
10500,1604,229
10500,1303,230
10500,1003,228
10500,701,228
10500,401,228
10500,101,229
10699,0,228
10800,200,229
10800,500,228
10800,800,230
10800,1102,228
10800,1402,228
10800,1703,228
10800,2003,228
10800,2303,225
10800,2604,222
10800,2904,220
10800,3205,218
10800,3506,219
10800,3806,221
10800,4106,225
10800,4407,228
10800,4707,229
10800,5007,229
10800,5309,230
10800,5609,229
10800,5909,229
10800,6210,227
10800,6510,224
10800,6810,219
10800,7111,218
10800,7412,216
10800,7714,215
10800,8014,217
10800,8314,220
10800,8615,221
10800,8915,226
10800,9215,229
10800,9516,229
10800,9817,230
10800,10117,230
10800,10418,231
10800,10718,232
10800,11018,232
10800,11319,232
10800,11619,232
11020,11700,231
11100,11479,233
11100,11179,232
11100,10879,232
11100,10578,229
11100,10278,231
11100,9978,231
11100,9676,229
11100,9376,228
11100,9076,225
11100,8775,221
11100,8475,218
11100,8175,218
11100,7874,214
11100,7573,215
11100,7272,216
11100,6972,219
11100,6672,223
11100,6372,225
11100,6071,227
11100,5771,229
11100,5469,229
11100,5169,230
11100,4869,229
11100,4568,227
11100,4268,225
11100,3968,221
11100,3667,219
11100,3366,220
11100,3066,221
11100,2765,221
11100,2465,221
11100,2165,227
11100,1864,228
11100,1564,228
11100,1263,227
11100,962,229
11100,662,229
11100,362,228
11100,61,228
11339,0,227
11400,239,230
11400,541,229
11400,842,229
11400,1143,229
11400,1443,229
11400,1743,229
11400,2044,226
11400,2344,222
11400,2644,222
11400,2946,222
11400,3246,219
11400,3546,219
11400,3847,222
11400,4147,225
11400,4447,227
11400,4748,229
11400,5049,229
11400,5349,230
11400,5650,229
11400,5950,226
11400,6250,224
11400,6551,222
11400,6851,216
11400,7152,214
11400,7453,209
11400,7753,212
11400,8053,214
11400,8354,218
11400,8654,222
11400,8954,226
11400,9256,229
11400,9556,230
11400,9856,231
11400,10157,232
11400,10457,231
11400,10757,233
11400,11058,234
11400,11359,232
11400,11660,231
11660,11700,232
11700,11440,233
11700,11140,232
11700,10839,234
11700,10539,233
11700,10237,233
11700,9937,231
11700,9637,230
11700,9336,229
11700,9036,225
11700,8736,222
11700,8436,215
11700,8134,213
11700,7832,209
11700,7532,209
11700,7232,213
11700,6932,218
11700,6631,222
11700,6331,225
11700,6031,228
11700,5729,230
11700,5429,230
11700,5128,229
11700,4828,227
11700,4528,226
11700,4228,223
11700,3927,221
11700,3626,220
11700,3325,220
11700,3025,222
11700,2725,221
11700,2424,223
11700,2124,226
11700,1824,227
11700,1522,229
11700,1222,230
11700,922,231
11700,621,231
11700,321,228
11700,21,229
11979,0,232
12000,281,231
12000,581,230
12000,882,229
12000,1182,229
12000,1482,230
12000,1783,227
12000,2083,225
12000,2384,223
12000,2685,224
12000,2985,219
12000,3285,220
12000,3586,222
12000,3886,222
12000,4186,225
12000,4488,229
12000,4788,229
12000,5088,229
12000,5389,229
12000,5689,228
12000,5989,227
12000,6290,224
12000,6591,222
12000,6892,216
12000,7192,213
12000,7492,210
12000,7792,208
12000,8093,213
12000,8393,219
12000,8695,224
12000,8996,230
12000,9296,233
12000,9597,234
12000,9897,232
12000,10197,233
12000,10498,232
12000,10798,234
12000,11100,236
12000,11400,235
12000,11700,235
12300,11700,233
12300,11399,235
12300,11099,235
12300,10799,235
12300,10497,235
12300,10197,235
12300,9896,233
12300,9596,234
12300,9296,233
12300,8995,228
12300,8695,222
12300,8394,215
12300,8093,210
12300,7793,210
12300,7493,214
12300,7192,215
12300,6892,219
12300,6592,222
12300,6290,226
12300,5990,228
12300,5690,230
12300,5389,230
12300,5089,230
12300,4789,230
12300,4488,229
12300,4187,224
12300,3887,222
12300,3586,220
12300,3286,222
12300,2986,223
12300,2685,225
12300,2385,225
12300,2084,227
12300,1783,229
12300,1483,230
12300,1183,231
12300,882,232
12300,582,232
12300,282,230
12320,0,231
12600,21,231
12600,322,231
12600,622,231
12600,922,231
12600,1223,231
12600,1523,230
12600,1823,228
12600,2125,227
12600,2425,226
12600,2725,225
12600,3026,225
12600,3326,224
12600,3626,222
12600,3927,227
12600,4228,228
12600,4528,230
12600,4829,231
12600,5129,230
12600,5429,231
12600,5730,230
12600,6030,228
12600,6332,226
12600,6632,220
12600,6932,217
12600,7232,212
12600,7533,213
12600,7833,216
12600,8133,218
12600,8435,223
12600,8735,230
12600,9036,233
12600,9336,234
12600,9636,237
12600,9936,237
12600,10237,235
12600,10538,236
12600,10839,237
12600,11139,236
12600,11439,236
12639,11700,234
12900,11660,234
12900,11360,235
12900,11058,236
12900,10758,235
12900,10458,238
12900,10157,236
12900,9857,237
12900,9557,238
12900,9256,235
12900,8955,231
12900,8655,228
12900,8354,224
12900,8054,219
12900,7754,218
12900,7453,217
12900,7153,221
12900,6852,225
12900,6550,227
12900,6250,229
12900,5949,229
12900,5649,232
12900,5349,232
12900,5048,230
12900,4748,230
12900,4447,230
12900,4146,226
12900,3846,223
12900,3546,223
12900,3245,225
12900,2945,226
12900,2645,227
12900,2343,226
12900,2043,230
12900,1743,230
12900,1442,231
12900,1142,232
12900,842,233
12900,541,231
12900,240,230
12960,0,233
13200,61,230
13200,361,231
13200,661,232
13200,962,231
13200,1262,230
13200,1564,229
13200,1864,228
13200,2164,227
13200,2464,226
13200,2765,225
13200,3065,226
13200,3365,224
13200,3667,225
13200,3967,228
13200,4268,229
13200,4568,232
13200,4868,232
13200,5168,232
13200,5469,232
13200,5770,230
13200,6071,230
13200,6371,229
13200,6671,228
13200,6972,227
13200,7272,224
13200,7572,225
13200,7874,226
13200,8175,226
13200,8476,232
13200,8776,235
13200,9076,238
13200,9376,238
13200,9677,237
13200,9977,238
13200,10279,238
13200,10579,237
13200,10879,237
13200,11180,236
13200,11480,236
13280,11700,237
13500,11620,239
13500,11318,237
13500,11018,238
13500,10717,239
13500,10417,237
13500,10117,238
13500,9816,240
13500,9516,239
13500,9215,238
13500,8914,237
13500,8614,233
13500,8314,230
13500,8013,228
13500,7713,228
13500,7413,229
13500,7111,228
13500,6811,230
13500,6511,231
13500,6210,231
13500,5910,231
13500,5610,234
13500,5309,233
13500,5008,231
13500,4708,231
13500,4407,230
13500,4107,227
13500,3807,227
13500,3506,224
13500,3206,228
13500,2904,227
13500,2604,228
13500,2304,229
13500,2004,229
13500,1703,229
13500,1403,232
13500,1103,232
13500,801,233
13500,501,233
13500,200,235
13600,0,238
13800,100,235
13800,400,232
13800,701,235
13800,1002,231
13800,1304,230
13800,1604,230
13800,1904,229
13800,2205,228
13800,2505,228
13800,2805,228
13800,3106,228
13800,3407,228
13800,3708,227
13800,4008,226
13800,4308,230
13800,4608,231
13800,4909,231
13800,5209,232
13800,5511,233
13800,5811,233
13800,6111,233
13800,6412,233
13800,6712,233
13800,7012,229
13800,7312,232
13800,7614,229
13800,7914,231
13800,8215,233
13800,8515,234
13800,8815,236
13800,9116,236
13800,9416,238
13800,9717,237
13800,10018,237
13800,10318,238
13800,10618,239
13800,10919,239
13800,11219,238
13800,11519,236
