0,207,234
0,507,234
0,807,237
0,1107,239
0,1408,241
0,1708,241
0,2008,241
0,2310,240
0,2611,240
0,2912,237
0,3212,234
0,3512,233
0,3813,231
0,4113,230
0,4413,233
0,4715,231
0,5015,233
0,5315,233
0,5616,236
0,5916,235
0,6216,235
0,6517,235
0,6818,233
0,7119,234
0,7419,232
0,7719,232
0,8019,229
0,8320,232
0,8620,232
0,8922,232
0,9222,234
0,9522,234
0,9823,233
0,10123,233
0,10423,233
0,10723,235
0,11025,235
0,11325,235
0,11626,234
226,11700,236
300,11474,233
300,11173,234
300,10873,234
300,10572,232
300,10271,233
300,9971,234
300,9671,234
300,9370,234
300,9070,233
300,8770,232
300,8468,231
300,8168,232
300,7868,231
300,7567,232
300,7267,233
300,6967,234
300,6666,235
300,6365,234
300,6063,234
300,5763,234
300,5463,234
300,5162,233
300,4862,232
300,4562,232
300,4261,231
300,3960,232
300,3660,232
300,3359,237
300,3059,238
300,2759,241
300,2458,242
300,2158,240
300,1856,241
300,1556,239
300,1256,238
300,956,236
300,655,235
300,355,234
300,55,232
547,0,232
600,247,233
600,548,236
600,848,236
600,1148,236
600,1448,238
600,1749,238
600,2050,239
600,2351,239
600,2651,239
600,2951,236
600,3252,233
600,3552,233
600,3852,232
600,4154,231
600,4454,231
600,4754,231
600,5055,233
600,5355,233
600,5655,236
600,5956,235
600,6257,235
600,6557,234
600,6858,233
600,7158,233
600,7458,233
600,7759,230
600,8059,231
600,8360,231
600,8661,232
600,8961,233
600,9261,234
600,9562,234
600,9862,233
600,10162,233
600,10464,231
600,10765,234
600,11066,233
600,11366,234
600,11666,234
866,11700,232
900,11433,232
900,11133,233
900,10831,232
900,10531,232
900,10231,233
900,9930,233
900,9630,233
900,9330,232
900,9029,232
900,8728,231
900,8428,231
900,8127,230
900,7827,231
900,7527,234
900,7226,234
900,6926,233
900,6624,236
900,6324,235
900,6024,235
900,5724,234
900,5423,234
900,5123,233
900,4823,231
900,4521,231
900,4221,230
900,3920,232
900,3620,233
900,3320,235
900,3020,237
900,2719,237
900,2418,238
900,2117,238
900,1817,239
900,1517,238
900,1216,235
900,916,235
900,616,235
900,314,234
900,14,234
1186,0,234
1200,287,234
1200,587,233
1200,887,234
1200,1188,235
1200,1489,236
1200,1791,237
1200,2091,238
1200,2391,236
1200,2692,236
1200,2992,234
1200,3292,234
1200,3593,231
1200,3894,231
1200,4194,230
1200,4495,232
1200,4795,234
1200,5095,233
1200,5396,234
1200,5696,234
1200,5997,233
1200,6298,234
1200,6598,234
1200,6898,233
1200,7199,232
1200,7499,231
1200,7799,230
1200,8101,230
1200,8401,230
1200,8701,231
1200,9002,233
1200,9302,232
1200,9602,232
1200,9903,232
1200,10204,232
1200,10505,230
1200,10805,232
1200,11105,233
1200,11405,233
1206,11700,234
1500,11694,235
1500,11392,233
1500,11092,233
1500,10792,233
1500,10491,232
1500,10191,232
1500,9891,231
1500,9591,232
1500,9289,231
1500,8989,232
1500,8688,231
1500,8388,230
1500,8088,231
1500,7787,230
1500,7487,232
1500,7186,232
1500,6885,233
1500,6585,234
1500,6285,233
1500,5984,234
1500,5684,235
1500,5384,234
1500,5082,233
1500,4781,232
1500,4480,233
1500,4180,231
1500,3880,231
1500,3579,230
1500,3279,233
1500,2979,234
1500,2677,236
1500,2377,236
1500,2077,236
1500,1776,236
1500,1476,235
1500,1176,236
1500,875,235
1500,574,233
1500,274,232
1526,0,232
1800,27,232
1800,327,233
1800,628,235
1800,928,236
1800,1229,236
1800,1530,237
1800,1830,237
1800,2130,237
1800,2431,235
1800,2731,234
1800,3031,234
1800,3333,233
1800,3633,231
1800,3933,234
1800,4234,232
1800,4534,234
1800,4834,234
1800,5135,235
1800,5436,236
1800,5737,234
1800,6037,233
1800,6337,232
1800,6637,232
1800,6938,231
1800,7238,231
1800,7540,229
1800,7840,231
1800,8140,231
1800,8441,230
1800,8741,231
1800,9041,231
1800,9341,230
1800,9643,232
1800,9945,231
1800,10245,232
1800,10545,234
1800,10845,232
1800,11146,232
1800,11446,232
1846,11700,236
2100,11652,233
2100,11352,232
2100,11051,234
2100,10751,233
2100,10451,232
2100,10151,233
2100,9850,231
2100,9549,231
2100,9248,231
2100,8948,230
2100,8648,230
2100,8347,230
2100,8047,229
2100,7747,230
2100,7445,230
2100,7145,231
2100,6845,231
2100,6544,233
2100,6244,233
2100,5944,235
2100,5643,235
2100,5342,235
2100,5042,236
2100,4741,234
2100,4441,235
2100,4141,235
2100,3840,233
2100,3540,231
2100,3239,233
2100,2938,234
2100,2638,237
2100,2338,238
2100,2037,237
2100,1737,239
2100,1437,238
2100,1135,238
2100,835,236
2100,535,233
2100,234,232
2166,0,233
2400,66,233
2400,367,237
2400,668,238
2400,969,238
2400,1269,241
2400,1569,239
2400,1869,239
2400,2170,238
2400,2470,238
2400,2772,237
2400,3073,233
2400,3373,233
2400,3674,233
2400,3974,235
2400,4274,236
2400,4575,236
2400,4875,236
2400,5177,237
2400,5477,235
2400,5777,234
2400,6077,232
2400,6378,232
2400,6678,234
2400,6978,230
2400,7280,230
2400,7580,228
2400,7881,229
2400,8181,230
2400,8481,231
2400,8781,230
2400,9082,231
2400,9383,231
2400,9684,232
2400,9984,234
2400,10284,234
2400,10585,236
2400,10885,235
2400,11185,233
2400,11487,234
2487,11700,231
2700,11613,234
2700,11312,234
2700,11012,236
2700,10712,235
2700,10411,235
2700,10110,234
2700,9810,230
2700,9509,231
2700,9209,231
2700,8909,231
2700,8608,230
2700,8308,229
2700,8007,229
2700,7706,229
2700,7406,229
2700,7106,230
2700,6805,232
2700,6505,231
2700,6205,233
2700,5903,234
2700,5602,234
2700,5301,236
2700,5001,237
2700,4701,236
2700,4400,235
2700,4100,236
2700,3800,235
2700,3498,236
2700,3198,238
2700,2898,236
2700,2597,239
2700,2297,239
2700,1997,237
2700,1696,239
2700,1395,239
2700,1095,238
2700,794,237
2700,494,235
2700,194,235
2806,0,235
3000,107,237
3000,409,236
3000,709,237
3000,1009,239
3000,1309,238
3000,1610,239
3000,1910,238
3000,2210,238
3000,2512,239
3000,2812,236
3000,3113,236
3000,3413,236
3000,3713,236
3000,4013,235
3000,4314,234
3000,4615,235
3000,4916,235
3000,5216,236
3000,5516,234
3000,5817,233
3000,6117,232
3000,6417,232
3000,6719,232
3000,7019,232
3000,7319,232
3000,7620,231
3000,7920,230
3000,8220,231
3000,8521,230
3000,8822,231
3000,9122,232
3000,9423,232
3000,9723,233
3000,10023,235
3000,10324,235
3000,10624,236
3000,10925,235
3000,11227,236
3000,11527,236
3127,11700,236
3300,11572,235
3300,11272,236
3300,10971,236
3300,10671,236
3300,10370,235
3300,10069,234
3300,9769,233
3300,9469,232
3300,9168,231
3300,8868,230
3300,8568,230
3300,8266,230
3300,7966,230
3300,7666,230
3300,7365,230
3300,7065,230
3300,6765,232
3300,6464,233
3300,6163,233
3300,5863,234
3300,5562,234
3300,5262,234
3300,4962,234
3300,4661,234
3300,4361,234
3300,4059,236
3300,3759,235
3300,3459,236
3300,3159,237
3300,2858,239
3300,2558,240
3300,2258,239
3300,1956,240
3300,1656,237
3300,1355,239
3300,1055,238
3300,755,238
3300,455,233
3300,154,236
3447,0,236
3600,148,238
3600,448,237
3600,748,238
3600,1049,239
3600,1349,239
3600,1649,239
3600,1951,240
3600,2252,239
3600,2553,238
3600,2853,239
3600,3153,238
3600,3453,236
3600,3754,233
3600,4054,232
3600,4356,232
3600,4656,235
3600,4956,234
3600,5257,235
3600,5557,233
3600,5857,234
3600,6157,234
3600,6459,234
3600,6759,231
3600,7060,231
3600,7360,231
3600,7660,231
3600,7961,232
3600,8261,231
3600,8562,230
3600,8863,231
3600,9163,232
3600,9463,233
3600,9764,233
3600,10064,235
3600,10364,235
3600,10666,236
3600,10966,235
3600,11266,235
3600,11567,237
3767,11700,235
3900,11533,235
3900,11232,236
3900,10931,236
3900,10631,236
3900,10330,234
3900,10030,232
3900,9730,232
3900,9429,232
3900,9129,232
3900,8827,232
3900,8527,233
3900,8227,233
3900,7927,232
3900,7626,231
3900,7326,232
3900,7026,233
3900,6724,232
3900,6424,235
3900,6123,235
3900,5823,235
3900,5523,235
3900,5223,233
3900,4922,234
3900,4621,234
3900,4319,232
3900,4019,233
3900,3719,234
3900,3418,236
3900,3118,237
3900,2818,240
3900,2517,240
3900,2216,239
3900,1915,239
3900,1615,238
3900,1315,239
3900,1015,239
3900,714,237
3900,414,238
3900,112,236
4088,0,238
4200,188,239
4200,489,238
4200,789,240
4200,1089,239
4200,1389,240
4200,1691,240
4200,1991,239
4200,2292,238
4200,2592,237
4200,2892,235
4200,3193,235
4200,3493,234
4200,3794,232
4200,4095,233
4200,4395,232
4200,4695,233
4200,4996,233
4200,5296,234
4200,5596,234
4200,5898,236
4200,6198,234
4200,6498,233
4200,6799,235
4200,7099,235
4200,7399,234
4200,7700,233
4200,8001,234
4200,8301,233
4200,8602,232
4200,8902,233
4200,9202,232
4200,9503,232
4200,9803,232
4200,10105,234
4200,10406,234
4200,10706,236
4200,11007,237
4200,11307,234
4200,11607,236
4407,11700,236
4500,11492,235
4500,11191,235
4500,10890,235
4500,10590,233
4500,10290,233
4500,9989,231
4500,9689,232
4500,9389,232
4500,9087,232
4500,8787,232
4500,8487,233
4500,8186,233
4500,7886,233
4500,7586,234
4500,7285,235
4500,6984,233
4500,6683,233
4500,6383,233
4500,6083,235
4500,5783,236
4500,5482,238
4500,5182,237
4500,4880,233
4500,4580,233
4500,4280,233
4500,3979,234
4500,3679,234
4500,3379,236
4500,3079,237
4500,2777,238
4500,2477,238
4500,2176,239
4500,1876,239
4500,1576,240
4500,1275,240
4500,975,240
4500,674,239
4500,373,239
4500,73,238
4727,0,239
4800,228,240
4800,528,239
4800,828,240
4800,1130,242
4800,1430,241
4800,1730,241
4800,2031,240
4800,2331,240
4800,2631,237
4800,2932,237
4800,3233,237
4800,3535,235
4800,3835,235
4800,4135,236
4800,4436,236
4800,4736,234
4800,5036,236
4800,5337,238
4800,5638,238
4800,5938,235
4800,6239,233
4800,6539,235
4800,6839,234
4800,7140,234
4800,7440,234
4800,7741,235
4800,8042,234
4800,8342,232
4800,8642,233
4800,8943,232
4800,9243,231
4800,9543,231
4800,9845,232
4800,10145,232
4800,10445,233
4800,10746,233
4800,11046,235
4800,11346,236
4800,11647,235
5048,11700,235
5100,11451,235
5100,11151,234
5100,10851,232
5100,10551,233
5100,10250,233
5100,9950,233
5100,9648,230
5100,9348,233
5100,9048,231
5100,8747,233
5100,8447,233
5100,8147,232
5100,7847,234
5100,7545,233
5100,7245,232
5100,6944,233
5100,6644,234
5100,6344,235
5100,6043,237
5100,5743,240
5100,5442,239
5100,5140,238
5100,4840,238
5100,4539,237
5100,4239,236
5100,3939,237
5100,3639,236
5100,3338,237
5100,3037,238
5100,2736,239
5100,2436,240
5100,2136,240
5100,1835,240
5100,1535,242
5100,1235,243
5100,933,242
5100,633,240
5100,333,240
5100,32,241
5368,0,240
5400,268,241
5400,569,243
5400,870,241
5400,1170,244
5400,1471,242
5400,1771,241
5400,2071,240
5400,2372,242
5400,2672,241
5400,2973,240
5400,3274,241
5400,3574,240
5400,3874,238
5400,4175,240
5400,4475,241
5400,4775,240
5400,5077,242
5400,5377,241
5400,5677,240
5400,5978,238
5400,6278,236
5400,6578,234
5400,6879,232
5400,7180,232
5400,7481,232
5400,7781,233
5400,8081,232
5400,8381,234
5400,8682,233
5400,8982,231
5400,9284,231
5400,9584,232
5400,9884,231
5400,10185,230
5400,10485,233
5400,10785,232
5400,11085,234
5400,11387,235
5400,11689,235
5689,11700,234
5700,11411,234
5700,11111,233
5700,10810,233
5700,10510,233
5700,10210,232
5700,9908,231
5700,9608,231
5700,9307,230
5700,9007,233
5700,8707,232
5700,8407,231
5700,8106,231
5700,7805,233
5700,7504,232
5700,7204,232
5700,6904,234
5700,6603,235
5700,6303,238
5700,6003,241
5700,5701,241
5700,5401,244
5700,5101,244
5700,4800,243
5700,4500,243
5700,4200,241
5700,3899,241
5700,3598,240
5700,3298,241
5700,2997,241
5700,2697,241
5700,2397,242
5700,2096,242
5700,1796,244
5700,1495,244
5700,1194,244
5700,894,242
5700,594,240
5700,293,240
5707,0,238
6000,7,239
6000,309,240
6000,609,241
6000,909,243
6000,1210,243
6000,1510,243
6000,1810,244
6000,2111,240
6000,2412,240
6000,2714,240
6000,3014,240
6000,3314,240
6000,3615,241
6000,3915,242
6000,4215,242
6000,4516,243
6000,4817,248
6000,5117,244
6000,5418,245
6000,5718,242
6000,6018,241
6000,6319,237
6000,6619,233
6000,6921,233
6000,7221,232
6000,7521,233
6000,7821,232
6000,8122,230
6000,8422,232
6000,8722,232
6000,9024,233
6000,9324,230
6000,9625,232
6000,9925,230
6000,10225,231
6000,10525,230
6000,10826,232
6000,11127,232
6000,11428,234
6028,11700,234
6300,11672,232
6300,11371,233
6300,11071,232
6300,10771,232
6300,10469,229
6300,10169,231
6300,9869,232
6300,9568,233
6300,9268,234
6300,8968,231
6300,8667,229
6300,8366,231
6300,8066,230
6300,7765,232
6300,7465,233
6300,7165,234
6300,6864,236
6300,6564,237
6300,6263,239
6300,5962,242
6300,5662,243
6300,5362,245
6300,5061,245
6300,4761,244
6300,4461,242
6300,4159,243
6300,3858,241
6300,3557,239
6300,3257,237
6300,2957,237
6300,2656,241
6300,2356,240
6300,2056,244
6300,1754,243
6300,1454,244
6300,1154,242
6300,853,242
6300,553,243
6300,253,240
6347,0,241
6600,49,242
6600,349,243
6600,650,244
6600,950,243
6600,1250,244
6600,1551,244
6600,1851,242
6600,2153,241
6600,2453,239
6600,2753,236
6600,3053,238
6600,3354,239
6600,3654,239
6600,3954,240
6600,4256,242
6600,4556,242
6600,4857,244
6600,5157,243
6600,5457,243
6600,5757,243
6600,6058,240
6600,6359,238
6600,6660,236
6600,6960,236
6600,7260,234
6600,7561,233
6600,7861,231
6600,8161,229
6600,8463,229
6600,8763,231
6600,9063,232
6600,9364,234
6600,9664,233
6600,9964,232
6600,10265,229
6600,10566,230
6600,10868,231
6600,11168,233
6600,11468,233
6668,11700,232
6900,11631,231
6900,11331,231
6900,11031,232
6900,10729,231
6900,10429,232
6900,10128,230
6900,9828,233
6900,9528,232
6900,9227,230
6900,8927,229
6900,8626,229
6900,8325,231
6900,8025,232
6900,7725,235
6900,7424,236
6900,7124,236
6900,6824,236
6900,6522,236
6900,6222,239
6900,5922,242
6900,5621,242
6900,5321,244
6900,5021,243
6900,4720,242
6900,4419,240
6900,4119,240
6900,3818,239
6900,3518,237
6900,3218,236
6900,2917,238
6900,2617,239
6900,2315,241
6900,2015,244
6900,1715,243
6900,1415,245
6900,1114,246
6900,814,243
6900,514,244
6900,212,242
6988,0,241
7200,89,242
7200,389,243
7200,689,245
7200,989,244
7200,1290,244
7200,1591,245
7200,1892,243
7200,2192,239
7200,2492,239
7200,2793,237
7200,3093,236
7200,3393,238
7200,3695,238
7200,3996,237
7200,4297,240
7200,4597,239
7200,4897,241
7200,5197,242
7200,5498,241
7200,5798,242
7200,6100,239
7200,6400,238
7200,6700,239
7200,7001,237
7200,7301,236
7200,7601,233
7200,7901,232
7200,8203,232
7200,8503,231
7200,8804,231
7200,9104,231
7200,9404,230
7200,9705,233
7200,10005,231
7200,10306,231
7200,10607,230
7200,10907,232
7200,11207,232
7200,11508,231
7308,11700,233
7500,11592,234
7500,11290,232
7500,10990,231
7500,10690,231
7500,10389,233
7500,10089,232
7500,9789,233
7500,9488,233
7500,9187,233
7500,8887,233
7500,8586,232
7500,8286,231
7500,7986,231
7500,7685,235
7500,7385,237
7500,7083,239
7500,6783,240
7500,6483,239
7500,6183,239
7500,5882,239
7500,5582,240
7500,5282,239
7500,4980,237
7500,4679,237
7500,4378,238
7500,4078,238
7500,3778,237
7500,3477,236
7500,3177,238
7500,2877,237
7500,2575,239
7500,2275,239
7500,1975,242
7500,1674,242
7500,1374,244
7500,1074,243
7500,773,245
7500,472,242
7500,171,242
7629,0,242
7800,129,243
7800,429,243
7800,730,243
7800,1030,242
7800,1332,241
7800,1632,243
7800,1932,241
7800,2233,241
7800,2533,239
7800,2833,237
7800,3133,238
7800,3435,237
7800,3735,236
7800,4036,236
7800,4336,235
7800,4636,235
7800,4937,236
7800,5237,238
7800,5538,238
7800,5839,238
7800,6139,240
7800,6439,240
7800,6740,239
7800,7040,240
7800,7340,238
7800,7642,236
7800,7942,232
7800,8242,233
7800,8543,232
7800,8843,234
7800,9143,234
7800,9444,234
7800,9745,234
7800,10045,233
7800,10346,233
7800,10646,231
7800,10946,233
7800,11247,234
7800,11547,234
7948,11700,233
8100,11550,233
8100,11250,232
8100,10949,231
8100,10649,233
8100,10349,233
8100,10048,233
8100,9748,233
8100,9447,235
8100,9146,234
8100,8846,233
8100,8546,231
8100,8245,233
8100,7945,236
8100,7645,237
8100,7343,239
8100,7043,239
8100,6743,240
8100,6442,238
8100,6142,238
8100,5842,237
8100,5541,237
8100,5240,236
8100,4939,236
8100,4639,234
8100,4339,236
8100,4039,236
8100,3738,238
8100,3438,236
8100,3136,236
8100,2836,238
8100,2536,241
8100,2235,242
8100,1935,244
8100,1635,242
8100,1335,243
8100,1033,242
8100,733,243
8100,432,242
8100,132,242
8268,0,243
8400,169,242
8400,469,241
8400,770,240
8400,1071,241
8400,1371,242
8400,1671,241
8400,1972,240
8400,2272,240
8400,2572,236
8400,2874,235
8400,3175,234
8400,3476,235
8400,3776,236
8400,4076,235
8400,4377,235
8400,4677,235
8400,4977,236
8400,5279,236
8400,5579,237
8400,5879,237
8400,6180,235
8400,6480,236
8400,6780,238
8400,7081,238
8400,7382,238
8400,7682,237
8400,7983,235
8400,8283,232
8400,8583,231
8400,8884,234
8400,9184,234
8400,9485,233
8400,9786,231
8400,10086,232
8400,10386,232
8400,10687,232
8400,10987,231
8400,11287,229
8400,11589,230
8589,11700,229
8700,11511,230
8700,11210,230
8700,10910,230
8700,10610,233
8700,10309,232
8700,10008,233
8700,9707,234
8700,9407,234
8700,9107,233
8700,8807,234
8700,8506,233
8700,8206,233
8700,7904,235
8700,7604,238
8700,7304,236
8700,7003,237
8700,6703,237
8700,6403,237
8700,6103,236
8700,5801,238
8700,5501,238
8700,5200,238
8700,4900,237
8700,4600,234
8700,4299,233
8700,3999,234
8700,3698,235
8700,3396,235
8700,3096,233
8700,2795,233
8700,2495,237
8700,2195,237
8700,1895,240
8700,1594,241
8700,1293,240
8700,992,240
8700,692,241
8700,392,240
8700,91,240
8909,0,239
9000,209,240
9000,511,239
9000,811,239
9000,1111,240
9000,1412,240
9000,1712,238
9000,2012,236
9000,2313,237
9000,2614,234
9000,2914,233
9000,3215,233
9000,3515,234
9000,3815,234
9000,4116,236
9000,4416,235
9000,4717,236
9000,5018,239
9000,5318,238
9000,5618,238
9000,5919,237
9000,6219,237
9000,6519,235
9000,6821,235
9000,7121,234
9000,7421,235
9000,7722,235
9000,8022,235
9000,8322,232
9000,8623,233
9000,8924,235
9000,9225,236
9000,9525,235
9000,9825,235
9000,10125,231
9000,10426,233
9000,10726,233
9000,11028,232
9000,11329,231
9000,11629,230
9230,11700,231
9300,11470,232
9300,11170,232
9300,10869,233
9300,10569,233
9300,10267,234
9300,9967,234
9300,9667,236
9300,9367,237
9300,9066,235
9300,8766,236
9300,8466,235
9300,8164,236
9300,7864,235
9300,7563,233
9300,7263,235
9300,6963,236
9300,6663,236
9300,6362,236
9300,6061,238
9300,5760,239
9300,5460,237
9300,5160,238
9300,4859,238
9300,4559,237
9300,4259,236
9300,3957,233
9300,3657,235
9300,3357,232
9300,3056,232
9300,2756,233
9300,2456,234
9300,2155,237
9300,1854,239
9300,1554,240
9300,1253,241
9300,953,239
9300,653,240
9300,352,239
9300,52,239
9549,0,237
9600,250,239
9600,550,239
9600,850,239
9600,1151,240
9600,1451,240
9600,1751,239
9600,2053,238
9600,2353,235
9600,2653,233
9600,2954,233
9600,3254,233
9600,3554,234
9600,3855,236
9600,4156,238
9600,4458,239
9600,4758,240
9600,5058,237
9600,5359,238
9600,5659,238
9600,5959,237
9600,6260,236
9600,6561,235
9600,6861,234
9600,7162,233
9600,7462,234
9600,7762,236
9600,8063,235
9600,8363,236
9600,8665,236
9600,8965,236
9600,9265,237
9600,9565,237
9600,9866,235
9600,10166,235
9600,10466,235
9600,10768,232
9600,11068,232
9600,11369,232
9600,11669,230
9869,11700,231
9900,11431,233
9900,11130,237
9900,10829,236
9900,10528,237
9900,10228,235
9900,9928,236
9900,9627,237
9900,9327,236
9900,9027,236
9900,8725,235
9900,8425,236
9900,8125,236
9900,7824,236
9900,7524,234
9900,7224,234
9900,6923,232
9900,6622,236
9900,6322,235
9900,6021,235
9900,5721,236
9900,5421,238
9900,5120,238
9900,4820,237
9900,4519,238
9900,4217,236
9900,3917,234
9900,3616,234
9900,3316,233
9900,3016,233
9900,2715,235
9900,2415,237
9900,2114,237
9900,1813,237
9900,1513,239
9900,1213,241
9900,912,239
9900,612,239
9900,312,240
9900,10,240
10190,0,240
10200,290,240
10200,591,240
10200,891,239
10200,1191,240
10200,1492,238
10200,1793,238
10200,2093,236
10200,2394,235
10200,2694,234
10200,2994,234
10200,3295,235
10200,3595,235
10200,3897,234
10200,4197,236
10200,4497,236
10200,4797,237
10200,5098,235
10200,5398,236
10200,5698,234
10200,6000,233
10200,6300,233
10200,6601,233
10200,6901,231
10200,7201,233
10200,7501,234
10200,7802,235
10200,8103,236
10200,8404,236
10200,8704,236
10200,9004,235
10200,9305,237
10200,9605,238
10200,9905,236
10200,10207,238
10200,10507,237
10200,10807,237
10200,11108,236
10200,11408,234
10208,11700,233
10500,11691,234
10500,11390,234
10500,11088,236
10500,10788,236
10500,10488,238
10500,10187,238
10500,9887,237
10500,9587,240
10500,9287,238
10500,8985,236
10500,8685,236
10500,8384,235
10500,8084,234
10500,7784,234
10500,7483,233
10500,7183,233
10500,6882,232
10500,6581,231
10500,6281,233
10500,5981,234
10500,5680,234
10500,5380,234
10500,5080,234
10500,4778,234
10500,4478,235
10500,4178,236
10500,3877,235
10500,3577,236
10500,3277,235
10500,2976,235
10500,2675,235
10500,2375,238
10500,2074,238
10500,1774,238
10500,1474,237
10500,1173,239
10500,873,239
10500,571,238
10500,271,240
10529,0,239
10800,29,237
10800,330,235
10800,630,237
10800,930,236
10800,1232,237
10800,1532,238
10800,1833,239
10800,2133,236
10800,2433,236
10800,2733,234
10800,3034,235
10800,3335,237
10800,3637,235
10800,3937,234
10800,4237,234
10800,4538,233
10800,4838,233
10800,5138,233
10800,5439,236
10800,5740,232
10800,6041,233
10800,6341,234
10800,6641,233
10800,6941,235
10800,7242,234
10800,7542,235
10800,7844,236
10800,8144,236
10800,8444,236
10800,8745,236
10800,9045,236
10800,9345,236
10800,9645,237
10800,9947,236
10800,10247,237
10800,10548,235
10800,10848,234
10800,11148,232
10800,11449,232
10849,11700,230
11100,11650,231
11100,11349,231
11100,11049,233
11100,10749,234
11100,10448,236
11100,10148,236
11100,9848,236
11100,9546,235
11100,9246,236
11100,8946,235
11100,8645,234
11100,8345,235
11100,8045,236
11100,7744,234
11100,7443,233
11100,7142,233
11100,6842,233
11100,6542,232
11100,6242,233
11100,5941,232
11100,5641,233
11100,5339,232
11100,5039,231
11100,4739,232
11100,4438,231
11100,4138,232
11100,3838,234
11100,3538,235
11100,3236,236
11100,2935,235
11100,2634,236
11100,2334,236
11100,2034,237
11100,1733,237
11100,1433,238
11100,1133,237
11100,831,237
11100,531,237
11100,230,237
11170,0,238
11400,70,237
11400,370,236
11400,671,235
11400,972,236
11400,1273,237
11400,1573,237
11400,1873,236
11400,2173,236
11400,2474,234
11400,2774,235
11400,3076,236
11400,3376,235
11400,3676,233
11400,3977,231
11400,4277,231
11400,4577,230
11400,4877,231
11400,5179,230
11400,5479,231
11400,5780,231
11400,6080,232
11400,6380,232
11400,6681,234
11400,6981,233
11400,7282,234
11400,7583,234
11400,7883,235
11400,8183,233
11400,8484,233
11400,8784,233
11400,9084,234
11400,9386,235
11400,9686,235
11400,9986,234
11400,10287,234
11400,10587,232
11400,10887,231
11400,11188,229
11400,11489,228
11490,11700,228
11700,11609,229
11700,11309,232
11700,11008,231
11700,10708,233
11700,10408,234
11700,10107,234
11700,9806,234
11700,9506,235
11700,9205,235
11700,8905,233
11700,8605,233
11700,8304,234
11700,8004,234
11700,7703,233
11700,7402,233
11700,7102,233
11700,6802,233
11700,6501,232
11700,6201,233
11700,5901,231
11700,5599,231
11700,5299,231
11700,4999,230
11700,4698,232
11700,4398,231
11700,4098,231
11700,3797,233
11700,3496,234
11700,3195,234
11700,2895,236
11700,2595,236
11700,2295,235
11700,1994,234
11700,1694,234
11700,1392,236
11700,1092,236
11700,792,235
11700,491,236
11700,191,237
11809,0,234
12000,109,234
12000,411,234
12000,711,234
12000,1012,234
12000,1312,233
12000,1612,233
12000,1913,232
12000,2213,233
12000,2514,233
12000,2815,233
12000,3115,230
12000,3415,229
12000,3716,229
12000,4016,229
12000,4316,230
12000,4618,232
12000,4919,233
12000,5220,231
12000,5520,234
12000,5820,234
12000,6121,234
12000,6421,233
12000,6721,232
12000,7023,234
12000,7323,234
12000,7623,235
12000,7924,235
12000,8224,234
12000,8524,235
12000,8825,236
12000,9126,234
12000,9426,236
12000,9727,234
12000,10027,233
12000,10327,233
12000,10628,232
12000,10928,231
12000,11229,230
12000,11530,228
12130,11700,230
12300,11570,231
12300,11269,230
12300,10969,234
12300,10669,234
12300,10367,234
12300,10067,235
12300,9767,235
12300,9466,236
12300,9166,235
12300,8866,235
12300,8565,236
12300,8264,234
12300,7963,236
12300,7663,235
12300,7363,236
12300,7062,234
12300,6762,235
12300,6462,235
12300,6160,234
12300,5860,234
12300,5560,233
12300,5259,232
12300,4959,231
12300,4659,229
12300,4359,228
12300,4057,229
12300,3755,228
12300,3455,229
12300,3155,231
12300,2855,231
12300,2554,232
12300,2254,231
12300,1954,233
12300,1652,234
12300,1352,233
12300,1051,232
12300,751,233
12300,451,233
12300,151,233
12450,0,234
12600,151,234
12600,452,233
12600,752,234
12600,1052,232
12600,1353,235
12600,1653,236
12600,1953,236
12600,2255,236
12600,2555,233
12600,2855,231
12600,3156,231
12600,3456,229
12600,3756,227
12600,4057,229
12600,4358,228
12600,4658,228
12600,4959,232
12600,5259,233
12600,5559,234
12600,5860,235
12600,6160,235
12600,6461,233
12600,6762,235
12600,7062,236
12600,7362,236
12600,7663,234
12600,7963,234
12600,8263,235
12600,8565,234
12600,8865,236
12600,9165,235
12600,9466,236
12600,9766,236
12600,10066,236
12600,10367,238
12600,10668,233
12600,10969,233
12600,11269,232
12600,11569,233
12769,11700,233
12900,11530,233
12900,11230,235
12900,10928,234
12900,10627,235
12900,10327,236
12900,10026,238
12900,9726,237
12900,9426,236
12900,9125,234
12900,8825,235
12900,8523,234
12900,8223,235
12900,7923,234
12900,7623,236
12900,7322,234
12900,7022,233
12900,6722,233
12900,6420,234
12900,6120,235
12900,5819,234
12900,5519,234
12900,5219,231
12900,4919,229
12900,4618,227
12900,4317,226
12900,4016,227
12900,3716,229
12900,3416,230
12900,3115,232
12900,2815,232
12900,2515,234
12900,2213,235
12900,1913,237
12900,1613,234
12900,1312,234
12900,1012,235
12900,712,235
12900,411,235
12900,110,237
13090,0,236
13200,191,236
13200,491,237
13200,791,234
13200,1092,237
13200,1392,236
13200,1693,235
13200,1994,235
13200,2294,234
13200,2594,235
13200,2895,233
13200,3195,232
13200,3495,230
13200,3797,229
13200,4098,228
13200,4399,232
13200,4699,233
13200,4999,234
13200,5300,233
13200,5600,236
13200,5900,236
13200,6202,239
13200,6502,237
13200,6802,237
13200,7103,238
13200,7403,236
13200,7703,236
13200,8004,235
13200,8305,237
13200,8605,235
13200,8906,237
13200,9206,236
13200,9506,238
13200,9807,238
13200,10107,238
13200,10409,239
13200,10709,238
13200,11009,237
13200,11309,236
13200,11610,234
13410,11700,235
13500,11490,236
13500,11188,238
13500,10888,238
13500,10587,238
13500,10287,239
13500,9987,239
13500,9687,238
13500,9386,239
13500,9085,238
13500,8784,238
13500,8484,236
13500,8184,238
13500,7883,238
13500,7583,238
13500,7283,238
13500,6981,240
13500,6681,238
13500,6381,238
13500,6080,237
13500,5780,239
13500,5480,237
13500,5179,236
13500,4878,234
13500,4578,233
13500,4277,232
13500,3977,231
13500,3677,232
13500,3376,233
13500,3076,233
13500,2775,233
13500,2473,235
13500,2173,236
13500,1872,235
13500,1572,235
13500,1272,236
13500,971,235
13500,671,235
13500,370,236
13500,69,236
13731,0,232
13800,231,232
13800,532,234
13800,832,235
13800,1132,235
13800,1434,238
13800,1734,236
13800,2034,236
13800,2335,237
13800,2635,236
13800,2935,236
13800,3236,234
13800,3537,233
13800,3837,234
13800,4138,235
13800,4438,234
13800,4738,236
13800,5039,236
13800,5339,239
13800,5641,241
13800,5941,240
13800,6241,239
13800,6541,239
13800,6842,238
13800,7142,237
13800,7442,238
13800,7744,238
13800,8044,238
13800,8345,239
13800,8645,239
13800,8945,237
13800,9245,238
13800,9546,240
13800,9847,239
13800,10148,238
13800,10448,237
13800,10748,238
13800,11049,237
13800,11349,236
13800,11649,235
