0,138,396
0,438,394
0,738,400
0,1038,398
0,1339,395
0,1639,397
0,1939,396
0,2241,392
0,2542,392
0,2843,388
0,3143,386
0,3443,385
0,3744,385
0,4044,385
0,4344,386
0,4646,388
0,4946,386
0,5246,386
0,5547,383
0,5847,383
0,6147,382
0,6448,380
0,6749,379
0,7050,381
0,7350,378
0,7650,380
0,7950,382
0,8251,385
0,8551,385
0,8853,382
0,9153,385
0,9453,387
0,9754,386
0,10054,386
0,10354,388
0,10654,384
0,10956,383
0,11256,385
0,11557,382
157,11700,383
300,11543,385
300,11242,384
300,10942,384
300,10641,386
300,10340,386
300,10040,388
300,9740,389
300,9439,383
300,9139,383
300,8839,383
300,8537,384
300,8237,385
300,7937,382
300,7636,378
300,7336,380
300,7036,381
300,6735,379
300,6434,383
300,6132,386
300,5832,383
300,5532,385
300,5231,384
300,4931,386
300,4631,385
300,4330,389
300,4029,385
300,3729,385
300,3428,382
300,3128,387
300,2828,391
300,2527,396
300,2227,394
300,1925,397
300,1625,397
300,1325,398
300,1025,399
300,724,400
300,424,396
300,124,397
478,0,398
600,178,397
600,479,399
600,779,396
600,1079,397
600,1379,396
600,1680,396
600,1981,393
600,2282,389
600,2582,391
600,2882,385
600,3183,383
600,3483,383
600,3783,382
600,4085,381
600,4385,382
600,4685,382
600,4986,382
600,5286,383
600,5586,384
600,5887,381
600,6188,381
600,6488,380
600,6789,379
600,7089,378
600,7389,379
600,7690,379
600,7990,381
600,8291,378
600,8592,382
600,8892,384
600,9192,387
600,9493,386
600,9793,387
600,10093,385
600,10395,384
600,10696,386
600,10997,387
600,11297,383
600,11597,383
797,11700,382
900,11502,385
900,11202,383
900,10900,384
900,10600,387
900,10300,385
900,9999,385
900,9699,386
900,9399,382
900,9098,384
900,8797,383
900,8497,381
900,8196,380
900,7896,380
900,7596,377
900,7295,377
900,6995,378
900,6693,378
900,6393,379
900,6093,380
900,5793,381
900,5492,380
900,5192,381
900,4892,379
900,4590,380
900,4290,377
900,3989,382
900,3689,381
900,3389,385
900,3089,385
900,2788,386
900,2487,394
900,2186,393
900,1886,394
900,1586,398
900,1285,395
900,985,396
900,685,400
900,383,396
900,83,396
1117,0,397
1200,218,395
1200,518,397
1200,818,396
1200,1119,395
1200,1420,395
1200,1722,392
1200,2022,392
1200,2322,388
1200,2623,386
1200,2923,381
1200,3223,382
1200,3524,379
1200,3825,379
1200,4125,375
1200,4426,372
1200,4726,374
1200,5026,379
1200,5327,378
1200,5627,380
1200,5928,379
1200,6229,376
1200,6529,378
1200,6829,375
1200,7130,377
1200,7430,376
1200,7730,376
1200,8032,379
1200,8332,379
1200,8632,381
1200,8933,382
1200,9233,386
1200,9533,387
1200,9834,385
1200,10135,386
1200,10436,386
1200,10736,385
1200,11036,384
1200,11336,381
1200,11637,379
1437,11700,381
1500,11461,384
1500,11161,385
1500,10861,385
1500,10560,385
1500,10260,385
1500,9960,386
1500,9660,386
1500,9358,384
1500,9058,382
1500,8757,383
1500,8457,380
1500,8157,375
1500,7856,376
1500,7556,377
1500,7255,376
1500,6954,373
1500,6654,376
1500,6354,378
1500,6053,377
1500,5753,377
1500,5453,378
1500,5151,375
1500,4850,375
1500,4549,370
1500,4249,372
1500,3949,373
1500,3648,373
1500,3348,378
1500,3048,380
1500,2746,383
1500,2446,388
1500,2146,392
1500,1845,394
1500,1545,397
1500,1245,396
1500,944,396
1500,643,398
1500,343,396
1500,42,392
1758,0,394
1800,258,395
1800,559,395
1800,859,395
1800,1160,393
1800,1461,393
1800,1761,391
1800,2061,388
1800,2362,384
1800,2662,375
1800,2962,374
1800,3264,368
1800,3564,367
1800,3864,362
1800,4165,366
1800,4465,370
1800,4765,372
1800,5066,374
1800,5367,376
1800,5668,378
1800,5968,377
1800,6268,374
1800,6568,375
1800,6869,372
1800,7169,373
1800,7471,372
1800,7771,375
1800,8071,376
1800,8372,379
1800,8672,381
1800,8972,382
1800,9272,382
1800,9574,385
1800,9876,384
1800,10176,384
1800,10476,384
1800,10776,380
1800,11077,384
1800,11377,380
1800,11677,382
2079,11700,383
2100,11421,385
2100,11120,382
2100,10820,382
2100,10520,385
2100,10220,384
2100,9919,383
2100,9618,382
2100,9317,382
2100,9017,381
2100,8717,377
2100,8416,377
2100,8116,373
2100,7816,373
2100,7514,372
2100,7214,373
2100,6914,370
2100,6613,371
2100,6313,374
2100,6013,373
2100,5712,376
2100,5411,373
2100,5111,373
2100,4810,367
2100,4510,366
2100,4210,364
2100,3909,362
2100,3609,363
2100,3308,368
2100,3007,369
2100,2707,371
2100,2407,382
2100,2106,386
2100,1806,390
2100,1506,390
2100,1204,395
2100,904,392
2100,604,396
2100,303,397
2100,3,394
2397,0,395
2400,298,393
2400,599,394
2400,900,393
2400,1200,391
2400,1500,388
2400,1800,386
2400,2101,381
2400,2401,375
2400,2703,366
2400,3004,361
2400,3304,358
2400,3605,360
2400,3905,361
2400,4205,362
2400,4506,365
2400,4806,365
2400,5108,368
2400,5408,372
2400,5708,372
2400,6008,373
2400,6309,373
2400,6609,370
2400,6909,369
2400,7211,370
2400,7511,369
2400,7812,370
2400,8112,372
2400,8412,377
2400,8712,379
2400,9013,383
2400,9314,381
2400,9615,382
2400,9915,382
2400,10215,384
2400,10516,380
2400,10816,382
2400,11116,383
2400,11418,381
2418,11700,382
2700,11682,382
2700,11381,381
2700,11081,384
2700,10781,381
2700,10480,381
2700,10179,383
2700,9879,384
2700,9578,378
2700,9278,380
2700,8978,378
2700,8677,376
2700,8377,374
2700,8076,372
2700,7775,371
2700,7475,371
2700,7175,368
2700,6874,369
2700,6574,371
2700,6274,371
2700,5972,375
2700,5671,373
2700,5370,370
2700,5070,367
2700,4770,363
2700,4469,362
2700,4169,359
2700,3869,359
2700,3567,357
2700,3267,359
2700,2967,360
2700,2666,367
2700,2366,377
2700,2066,381
2700,1765,386
2700,1464,388
2700,1164,391
2700,863,392
2700,563,393
2700,263,393
2737,0,394
3000,38,392
3000,340,392
3000,640,394
3000,940,392
3000,1240,386
3000,1541,382
3000,1841,382
3000,2141,375
3000,2443,370
3000,2743,363
3000,3044,357
3000,3344,356
3000,3644,354
3000,3944,357
3000,4245,360
3000,4546,362
3000,4847,366
3000,5147,367
3000,5447,369
3000,5748,373
3000,6048,370
3000,6348,366
3000,6650,365
3000,6950,368
3000,7250,365
3000,7551,367
3000,7851,371
3000,8151,370
3000,8452,371
3000,8753,377
3000,9053,378
3000,9354,380
3000,9654,379
3000,9954,380
3000,10255,380
3000,10555,382
3000,10856,381
3000,11158,380
3000,11458,382
3058,11700,382
3300,11641,381
3300,11341,378
3300,11040,382
3300,10740,379
3300,10439,380
3300,10138,381
3300,9838,378
3300,9538,379
3300,9237,378
3300,8937,376
3300,8637,372
3300,8335,371
3300,8035,366
3300,7735,364
3300,7434,366
3300,7134,362
3300,6834,366
3300,6533,370
3300,6232,369
3300,5932,372
3300,5631,369
3300,5331,368
3300,5031,365
3300,4730,362
3300,4430,358
3300,4128,357
3300,3828,354
3300,3528,354
3300,3228,360
3300,2927,365
3300,2627,368
3300,2327,372
3300,2025,378
3300,1725,381
3300,1424,385
3300,1124,390
3300,824,391
3300,524,390
3300,223,391
3378,0,392
3600,79,392
3600,379,389
3600,679,391
3600,980,386
3600,1280,388
3600,1580,382
3600,1882,377
3600,2183,375
3600,2484,372
3600,2784,367
3600,3084,360
3600,3384,356
3600,3685,352
3600,3985,357
3600,4287,358
3600,4587,364
3600,4887,369
3600,5188,374
3600,5488,372
3600,5788,369
3600,6088,367
3600,6390,365
3600,6690,365
3600,6991,362
3600,7291,360
3600,7591,361
3600,7892,364
3600,8192,363
3600,8493,368
3600,8794,375
3600,9094,375
3600,9394,377
3600,9695,377
3600,9995,377
3600,10295,379
3600,10597,381
3600,10897,381
3600,11197,381
3600,11498,383
3698,11700,384
3900,11602,382
3900,11301,383
3900,11000,380
3900,10700,378
3900,10399,378
3900,10099,378
3900,9799,378
3900,9498,377
3900,9198,373
3900,8896,371
3900,8596,364
3900,8296,361
3900,7996,361
3900,7695,359
3900,7395,360
3900,7095,363
3900,6793,360
3900,6493,364
3900,6192,367
3900,5892,369
3900,5592,372
3900,5292,371
3900,4991,368
3900,4690,367
3900,4388,366
3900,4088,359
3900,3788,356
3900,3487,361
3900,3187,363
3900,2887,367
3900,2586,369
3900,2285,373
3900,1984,379
3900,1684,383
3900,1384,386
3900,1084,389
3900,783,389
3900,483,390
3900,181,390
4019,0,388
4200,119,389
4200,420,388
4200,720,388
4200,1020,389
4200,1320,384
4200,1622,384
4200,1922,381
4200,2223,378
4200,2523,369
4200,2823,367
4200,3124,365
4200,3424,364
4200,3725,365
4200,4026,368
4200,4326,370
4200,4626,373
4200,4927,373
4200,5227,373
4200,5527,371
4200,5829,368
4200,6129,363
4200,6429,363
4200,6730,359
4200,7030,358
4200,7330,355
4200,7631,354
4200,7932,357
4200,8232,361
4200,8533,364
4200,8833,369
4200,9133,371
4200,9434,374
4200,9734,376
4200,10036,375
4200,10337,382
4200,10637,380
4200,10938,380
4200,11238,383
4200,11538,386
4338,11700,386
4500,11561,382
4500,11260,379
4500,10959,380
4500,10659,380
4500,10359,380
4500,10058,376
4500,9758,372
4500,9458,373
4500,9156,370
4500,8856,364
4500,8556,361
4500,8255,354
4500,7955,356
4500,7655,354
4500,7354,356
4500,7053,356
4500,6752,361
4500,6452,360
4500,6152,367
4500,5852,369
4500,5551,374
4500,5251,372
4500,4949,371
4500,4649,373
4500,4349,371
4500,4048,369
4500,3748,367
4500,3448,365
4500,3148,367
4500,2846,370
4500,2546,374
4500,2245,377
4500,1945,381
4500,1645,386
4500,1344,388
4500,1044,389
4500,743,390
4500,442,389
4500,142,390
4658,0,389
4800,159,391
4800,459,388
4800,759,391
4800,1061,386
4800,1361,386
4800,1661,385
4800,1962,381
4800,2262,379
4800,2562,373
4800,2863,374
4800,3164,373
4800,3466,371
4800,3766,373
4800,4066,376
4800,4367,376
4800,4667,373
4800,4967,375
4800,5268,373
4800,5569,372
4800,5869,366
4800,6170,364
4800,6470,357
4800,6770,357
4800,7071,354
4800,7371,352
4800,7672,351
4800,7973,355
4800,8273,355
4800,8573,360
4800,8874,364
4800,9174,372
4800,9474,372
4800,9776,376
4800,10076,377
4800,10376,378
4800,10677,378
4800,10977,383
4800,11277,387
4800,11578,382
4979,11700,384
5100,11520,383
5100,11220,384
5100,10920,382
5100,10620,381
5100,10319,377
5100,10019,375
5100,9717,372
5100,9417,371
5100,9117,365
5100,8816,359
5100,8516,358
5100,8216,354
5100,7916,348
5100,7614,348
5100,7314,347
5100,7013,353
5100,6713,357
5100,6413,361
5100,6112,364
5100,5812,368
5100,5511,373
5100,5209,373
5100,4909,373
5100,4608,374
5100,4308,376
5100,4008,373
5100,3708,375
5100,3407,375
5100,3106,376
5100,2805,378
5100,2505,378
5100,2205,381
5100,1904,382
5100,1604,386
5100,1304,386
5100,1002,387
5100,702,388
5100,402,387
5100,101,388
5299,0,389
5400,199,390
5400,500,388
5400,801,386
5400,1101,383
5400,1402,382
5400,1702,384
5400,2002,378
5400,2303,379
5400,2603,377
5400,2904,375
5400,3205,378
5400,3505,375
5400,3805,378
5400,4106,377
5400,4406,375
5400,4706,376
5400,5008,377
5400,5308,375
5400,5608,370
5400,5909,366
5400,6209,360
5400,6509,354
5400,6810,350
5400,7111,346
5400,7412,346
5400,7712,348
5400,8012,348
5400,8312,354
5400,8613,357
5400,8913,361
5400,9215,369
5400,9515,374
5400,9815,377
5400,10116,377
5400,10416,380
5400,10716,380
5400,11016,380
5400,11318,386
5400,11620,387
5620,11700,387
5700,11480,383
5700,11180,383
5700,10879,381
5700,10579,379
5700,10279,380
5700,9977,375
5700,9677,373
5700,9376,368
5700,9076,365
5700,8776,361
5700,8476,353
5700,8175,348
5700,7874,344
5700,7573,343
5700,7273,347
5700,6973,352
5700,6672,354
5700,6372,359
5700,6072,364
5700,5770,369
5700,5470,373
5700,5170,377
5700,4869,373
5700,4569,376
5700,4269,379
5700,3968,376
5700,3667,380
5700,3367,379
5700,3066,377
5700,2766,377
5700,2466,376
5700,2165,381
5700,1865,382
5700,1564,383
5700,1263,387
5700,963,386
5700,663,387
5700,362,388
5700,62,389
5938,0,387
6000,240,388
6000,540,385
6000,840,387
6000,1141,384
6000,1441,385
6000,1741,383
6000,2042,381
6000,2343,376
6000,2645,379
6000,2945,377
6000,3245,375
6000,3546,373
6000,3846,375
6000,4146,377
6000,4447,374
6000,4748,375
6000,5048,375
6000,5349,373
6000,5649,368
6000,5949,364
6000,6250,360
6000,6550,351
6000,6852,349
6000,7152,344
6000,7452,343
6000,7752,346
6000,8053,347
6000,8353,351
6000,8653,359
6000,8955,361
6000,9255,368
6000,9556,370
6000,9856,375
6000,10156,379
6000,10456,382
6000,10757,381
6000,11058,383
6000,11359,384
6000,11659,388
6259,11700,388
6300,11440,386
6300,11140,386
6300,10840,385
6300,10538,382
6300,10238,380
6300,9938,375
6300,9637,375
6300,9337,367
6300,9037,362
6300,8736,360
6300,8435,350
6300,8135,344
6300,7834,343
6300,7534,344
6300,7234,345
6300,6933,347
6300,6633,352
6300,6332,359
6300,6031,365
6300,5731,372
6300,5431,373
6300,5130,374
6300,4830,374
6300,4530,372
6300,4228,373
6300,3927,369
6300,3626,373
6300,3326,374
6300,3026,375
6300,2725,378
6300,2425,379
6300,2125,381
6300,1823,384
6300,1523,385
6300,1223,385
6300,922,386
6300,622,386
6300,322,389
6300,21,389
6580,0,388
6600,280,387
6600,581,386
6600,881,384
6600,1181,383
6600,1482,383
6600,1782,382
6600,2084,378
6600,2384,375
6600,2684,376
6600,2984,372
6600,3285,372
6600,3585,368
6600,3885,368
6600,4187,373
6600,4487,373
6600,4788,374
6600,5088,374
6600,5388,374
6600,5688,368
6600,5989,359
6600,6290,356
6600,6591,349
6600,6891,346
6600,7191,343
6600,7492,344
6600,7792,344
6600,8092,349
6600,8394,353
6600,8694,360
6600,8994,363
6600,9295,371
6600,9595,375
6600,9895,379
6600,10196,380
6600,10497,387
6600,10799,384
6600,11099,387
6600,11399,390
6600,11700,391
6900,11700,387
6900,11400,389
6900,11100,388
6900,10798,385
6900,10498,384
6900,10197,381
6900,9897,377
6900,9597,375
6900,9296,366
6900,8996,366
6900,8695,358
6900,8394,352
6900,8094,346
6900,7794,344
6900,7493,342
6900,7193,345
6900,6893,348
6900,6591,354
6900,6291,359
6900,5991,363
6900,5690,367
6900,5390,370
6900,5090,371
6900,4789,373
6900,4488,372
6900,4188,370
6900,3887,364
6900,3587,367
6900,3287,368
6900,2986,373
6900,2686,376
6900,2384,378
6900,2084,378
6900,1784,380
6900,1484,382
6900,1183,386
6900,883,386
6900,583,388
6900,281,388
6919,0,387
7200,20,391
7200,320,389
7200,620,386
7200,920,385
7200,1221,385
7200,1522,382
7200,1823,378
7200,2123,378
7200,2423,375
7200,2724,376
7200,3024,369
7200,3324,366
7200,3626,365
7200,3927,366
7200,4228,365
7200,4528,371
7200,4828,373
7200,5128,371
7200,5429,369
7200,5729,361
7200,6031,362
7200,6331,359
7200,6631,355
7200,6932,349
7200,7232,344
7200,7532,342
7200,7832,345
7200,8134,352
7200,8434,358
7200,8735,365
7200,9035,366
7200,9335,374
7200,9636,375
7200,9936,380
7200,10237,383
7200,10538,386
7200,10838,387
7200,11138,389
7200,11439,390
7239,11700,387
7500,11661,389
7500,11359,390
7500,11059,389
7500,10759,385
7500,10458,385
7500,10158,381
7500,9858,377
7500,9557,374
7500,9256,367
7500,8956,364
7500,8655,359
7500,8355,354
7500,8055,350
7500,7754,344
7500,7454,343
7500,7152,347
7500,6852,354
7500,6552,359
7500,6252,361
7500,5951,365
7500,5651,368
7500,5351,373
7500,5049,371
7500,4748,371
7500,4447,366
7500,4147,365
7500,3847,363
7500,3546,366
7500,3246,370
7500,2946,373
7500,2644,375
7500,2344,377
7500,2044,379
7500,1743,381
7500,1443,384
7500,1143,384
7500,842,386
7500,541,386
7500,240,390
7560,0,390
7800,60,390
7800,360,385
7800,661,386
7800,961,384
7800,1263,384
7800,1563,380
7800,1863,378
7800,2164,378
7800,2464,373
7800,2764,373
7800,3064,369
7800,3366,366
7800,3666,363
7800,3967,364
7800,4267,368
7800,4567,365
7800,4868,367
7800,5168,370
7800,5469,370
7800,5770,366
7800,6070,363
7800,6370,360
7800,6671,357
7800,6971,352
7800,7271,346
7800,7573,348
7800,7873,350
7800,8173,355
7800,8474,361
7800,8774,362
7800,9074,368
7800,9375,373
7800,9676,377
7800,9976,380
7800,10277,387
7800,10577,387
7800,10877,389
7800,11178,389
7800,11478,392
7879,11700,390
8100,11619,391
8100,11319,391
8100,11018,385
8100,10718,387
8100,10418,385
8100,10117,382
8100,9817,378
8100,9516,371
8100,9215,369
8100,8915,365
8100,8615,363
8100,8314,354
8100,8014,350
8100,7714,350
8100,7412,350
8100,7112,352
8100,6812,356
8100,6511,361
8100,6211,366
8100,5911,371
8100,5610,371
8100,5309,369
8100,5008,366
8100,4708,365
8100,4408,367
8100,4108,365
8100,3807,366
8100,3507,367
8100,3205,368
8100,2905,369
8100,2605,374
8100,2304,377
8100,2004,379
8100,1704,382
8100,1404,384
8100,1102,385
8100,802,387
8100,501,388
8100,201,390
8199,0,389
8400,100,390
8400,400,388
8400,701,387
8400,1002,386
8400,1302,385
8400,1602,383
8400,1903,381
8400,2203,377
8400,2503,375
8400,2805,371
8400,3106,369
8400,3407,367
8400,3707,368
8400,4007,368
8400,4308,368
8400,4608,367
8400,4908,367
8400,5210,370
8400,5510,371
8400,5810,369
8400,6111,367
8400,6411,359
8400,6711,357
8400,7012,356
8400,7313,353
8400,7613,352
8400,7914,354
8400,8214,358
8400,8514,359
8400,8815,367
8400,9115,369
8400,9416,374
8400,9717,379
8400,10017,382
8400,10317,386
8400,10618,387
8400,10918,387
8400,11218,391
8400,11520,395
8520,11700,392
8700,11580,392
8700,11279,391
8700,10979,386
8700,10679,383
8700,10378,385
8700,10077,380
8700,9776,377
8700,9476,374
8700,9176,371
8700,8876,364
8700,8575,361
8700,8275,356
8700,7973,356
8700,7673,357
8700,7373,354
8700,7072,357
8700,6772,361
8700,6472,365
8700,6172,368
8700,5870,369
8700,5570,374
8700,5269,372
8700,4969,370
8700,4669,371
8700,4368,370
8700,4068,370
8700,3767,367
8700,3465,367
8700,3165,369
8700,2864,370
8700,2564,375
8700,2264,381
8700,1964,382
8700,1663,386
8700,1362,385
8700,1061,387
8700,761,390
8700,461,388
8700,160,392
8840,0,386
9000,140,389
9000,442,387
9000,742,386
9000,1042,386
9000,1343,385
9000,1643,384
9000,1943,383
9000,2244,381
9000,2545,376
9000,2845,373
9000,3146,370
9000,3446,368
9000,3746,369
9000,4047,369
9000,4347,371
9000,4648,371
9000,4949,371
9000,5249,372
9000,5549,375
9000,5850,371
9000,6150,371
9000,6450,366
9000,6752,359
9000,7052,355
9000,7352,354
9000,7653,352
9000,7953,358
9000,8253,359
9000,8554,363
9000,8855,368
9000,9156,375
9000,9456,376
9000,9756,379
9000,10056,381
9000,10357,384
9000,10657,386
9000,10959,386
9000,11260,390
9000,11560,391
9161,11700,390
9300,11539,389
9300,11239,387
9300,10938,386
9300,10638,385
9300,10336,381
9300,10036,379
9300,9736,376
9300,9436,374
9300,9135,369
9300,8835,365
9300,8535,358
9300,8233,359
9300,7933,352
9300,7632,353
9300,7332,355
9300,7032,362
9300,6732,365
9300,6431,369
9300,6130,372
9300,5829,375
9300,5529,376
9300,5229,373
9300,4928,373
9300,4628,372
9300,4328,368
9300,4026,369
9300,3726,368
9300,3426,369
9300,3125,374
9300,2825,375
9300,2525,379
9300,2224,382
9300,1923,388
9300,1623,385
9300,1322,390
9300,1022,389
9300,722,387
9300,421,392
9300,121,393
9480,0,391
9600,181,391
9600,481,391
9600,781,387
9600,1082,388
9600,1382,387
9600,1682,385
9600,1984,384
9600,2284,380
9600,2584,380
9600,2885,376
9600,3185,376
9600,3485,370
9600,3786,369
9600,4087,368
9600,4389,373
9600,4689,375
9600,4989,375
9600,5290,376
9600,5590,376
9600,5890,372
9600,6191,368
9600,6492,368
9600,6792,365
9600,7093,359
9600,7393,358
9600,7693,356
9600,7994,355
9600,8294,363
9600,8596,366
9600,8896,370
9600,9196,376
9600,9496,376
9600,9797,376
9600,10097,382
9600,10397,383
9600,10699,386
9600,10999,384
9600,11300,387
9600,11600,387
9800,11700,389
9900,11500,386
9900,11199,387
9900,10898,385
9900,10597,383
9900,10297,383
9900,9997,380
9900,9696,378
9900,9396,376
9900,9096,373
9900,8794,367
9900,8494,361
9900,8194,360
9900,7893,358
9900,7593,362
9900,7293,361
9900,6992,363
9900,6691,367
9900,6391,371
9900,6090,373
9900,5790,376
9900,5490,376
9900,5189,373
9900,4889,374
9900,4588,374
9900,4286,371
9900,3986,370
9900,3685,375
9900,3385,374
9900,3085,374
9900,2784,378
9900,2484,380
9900,2183,382
9900,1882,388
9900,1582,387
9900,1282,389
9900,981,391
9900,681,392
9900,381,395
9900,79,391
10121,0,392
10200,221,392
10200,522,391
10200,822,390
10200,1122,390
10200,1423,388
10200,1724,390
10200,2024,387
10200,2325,382
10200,2625,379
10200,2925,376
10200,3226,377
10200,3526,374
10200,3828,373
10200,4128,370
10200,4428,371
10200,4728,378
10200,5029,378
10200,5329,375
10200,5629,379
10200,5931,375
10200,6231,373
10200,6532,369
10200,6832,366
10200,7132,362
10200,7432,361
10200,7733,361
10200,8034,366
10200,8335,367
10200,8635,370
10200,8935,371
10200,9236,378
10200,9536,377
10200,9836,381
10200,10138,383
10200,10438,382
10200,10738,386
10200,11039,384
10200,11339,387
10200,11639,383
10439,11700,385
10500,11459,386
10500,11157,386
10500,10857,383
10500,10557,383
10500,10256,381
10500,9956,378
10500,9656,378
10500,9356,374
10500,9054,372
10500,8754,372
10500,8453,368
10500,8153,365
10500,7853,364
10500,7552,363
10500,7252,363
10500,6951,366
10500,6650,370
10500,6350,373
10500,6050,376
10500,5749,377
10500,5449,377
10500,5149,376
10500,4847,376
10500,4547,373
10500,4247,373
10500,3946,375
10500,3646,375
10500,3346,377
10500,3045,376
10500,2744,381
10500,2444,381
10500,2143,385
10500,1843,387
10500,1543,388
10500,1242,389
10500,942,391
10500,640,391
10500,340,393
10500,40,394
10760,0,394
10800,261,395
10800,561,390
10800,861,393
10800,1163,392
10800,1463,388
10800,1764,384
10800,2064,385
10800,2364,383
10800,2664,380
10800,2965,378
10800,3266,380
10800,3568,378
10800,3868,375
10800,4168,376
10800,4469,374
10800,4769,377
10800,5069,377
10800,5370,379
10800,5671,379
10800,5972,376
10800,6272,375
10800,6572,372
10800,6872,368
10800,7173,366
10800,7473,363
10800,7775,366
10800,8075,369
10800,8375,369
10800,8676,374
10800,8976,377
10800,9276,375
10800,9576,376
10800,9878,379
10800,10178,380
10800,10479,382
10800,10779,383
10800,11079,385
10800,11380,386
10800,11680,388
11081,11700,385
11100,11418,385
11100,11118,383
11100,10818,384
11100,10517,383
11100,10217,383
11100,9917,380
11100,9615,378
11100,9315,375
11100,9015,374
11100,8714,376
11100,8414,376
11100,8114,367
11100,7813,368
11100,7512,368
11100,7212,370
11100,6911,372
11100,6611,372
11100,6311,375
11100,6010,377
11100,5710,380
11100,5408,378
11100,5108,377
11100,4808,376
11100,4507,373
11100,4207,374
11100,3907,374
11100,3607,376
11100,3305,377
11100,3004,379
11100,2703,381
11100,2403,383
11100,2103,389
11100,1802,387
11100,1502,392
11100,1202,392
11100,900,393
11100,600,393
11100,300,394
11101,0,393
11400,1,393
11400,301,393
11400,602,395
11400,903,390
11400,1204,391
11400,1504,389
11400,1804,388
11400,2104,385
11400,2405,383
11400,2705,380
11400,3007,380
11400,3307,380
11400,3607,374
11400,3908,377
11400,4208,377
11400,4508,380
11400,4808,377
11400,5110,379
11400,5410,379
11400,5711,377
11400,6011,379
11400,6311,376
11400,6612,376
11400,6912,373
11400,7213,372
11400,7514,372
11400,7814,375
11400,8114,376
11400,8415,376
11400,8715,377
11400,9015,381
11400,9317,378
11400,9617,382
11400,9917,381
11400,10218,384
11400,10518,385
11400,10818,383
11400,11119,381
11400,11420,386
11421,11700,386
11700,11678,384
11700,11378,386
11700,11077,381
11700,10777,385
11700,10477,382
11700,10176,384
11700,9875,382
11700,9575,381
11700,9274,381
11700,8974,378
11700,8674,378
11700,8373,376
11700,8073,375
11700,7772,376
11700,7471,373
11700,7171,375
11700,6871,377
11700,6570,375
11700,6270,375
11700,5970,378
11700,5668,378
11700,5368,377
11700,5068,378
11700,4767,380
11700,4467,379
11700,4167,377
11700,3866,377
11700,3565,376
11700,3264,380
11700,2964,382
11700,2664,384
11700,2364,387
11700,2063,387
11700,1763,389
11700,1461,392
11700,1161,396
11700,861,393
11700,560,395
11700,260,397
11740,0,396
12000,40,398
12000,342,391
12000,642,394
12000,943,392
12000,1243,393
12000,1543,390
12000,1844,388
12000,2144,387
12000,2445,386
12000,2746,380
12000,3046,377
12000,3346,379
12000,3647,379
12000,3947,381
12000,4247,378
12000,4549,378
12000,4850,379
12000,5151,379
12000,5451,381
12000,5751,377
12000,6052,376
12000,6352,376
12000,6652,377
12000,6954,371
12000,7254,374
12000,7554,374
12000,7855,380
12000,8155,378
12000,8455,378
12000,8756,382
12000,9057,380
12000,9357,380
12000,9658,382
12000,9958,381
12000,10258,381
12000,10559,383
12000,10859,382
12000,11160,387
12000,11461,382
12061,11700,385
12300,11639,383
12300,11338,382
12300,11038,382
12300,10738,385
12300,10436,384
12300,10136,382
12300,9836,381
12300,9535,381
12300,9235,380
12300,8935,377
12300,8634,377
12300,8333,377
12300,8032,377
12300,7732,375
12300,7432,376
12300,7132,374
12300,6831,378
12300,6531,376
12300,6229,379
12300,5929,378
12300,5629,380
12300,5328,380
12300,5028,381
12300,4728,380
12300,4428,379
12300,4126,378
12300,3824,377
12300,3524,379
12300,3224,380
12300,2923,381
12300,2623,384
12300,2323,387
12300,2023,389
12300,1721,392
12300,1421,390
12300,1120,392
12300,820,393
12300,520,395
12300,220,393
12381,0,393
12600,82,395
12600,383,392
12600,683,398
12600,983,394
12600,1284,390
12600,1584,391
12600,1884,388
12600,2186,388
12600,2486,389
12600,2786,381
12600,3087,381
12600,3387,379
12600,3687,378
12600,3988,380
12600,4289,379
12600,4589,381
12600,4890,380
12600,5190,382
12600,5490,380
12600,5791,376
12600,6091,375
12600,6392,375
12600,6693,376
12600,6993,375
12600,7293,375
12600,7594,375
12600,7894,374
12600,8194,374
12600,8496,376
12600,8796,379
12600,9096,378
12600,9397,380
12600,9697,382
12600,9997,384
12600,10298,381
12600,10599,382
12600,10900,381
12600,11200,384
12600,11500,382
12700,11700,385
12900,11599,381
12900,11299,381
12900,10997,383
12900,10696,382
12900,10396,380
12900,10095,378
12900,9795,380
12900,9495,380
12900,9194,376
12900,8894,379
12900,8592,375
12900,8292,377
12900,7992,373
12900,7692,372
12900,7391,375
12900,7091,373
12900,6791,373
12900,6489,375
12900,6189,375
12900,5888,378
12900,5588,379
12900,5288,381
12900,4988,381
12900,4687,379
12900,4386,380
12900,4085,377
12900,3785,381
12900,3485,378
12900,3184,380
12900,2884,383
12900,2584,387
12900,2282,388
12900,1982,389
12900,1682,391
12900,1381,393
12900,1081,395
12900,781,396
12900,480,392
12900,179,394
13021,0,396
13200,122,395
13200,422,395
13200,722,395
13200,1023,393
13200,1323,391
13200,1624,391
13200,1925,390
13200,2225,387
13200,2525,385
13200,2826,384
13200,3126,383
13200,3426,379
13200,3728,379
13200,4029,380
13200,4330,378
13200,4630,382
13200,4930,382
13200,5231,380
13200,5531,378
13200,5831,376
13200,6133,377
13200,6433,372
13200,6733,375
13200,7034,373
13200,7334,372
13200,7634,372
13200,7935,372
13200,8236,374
13200,8536,377
13200,8837,379
13200,9137,378
13200,9437,379
13200,9738,376
13200,10038,378
13200,10340,381
13200,10640,380
13200,10940,383
13200,11240,383
13200,11541,380
13341,11700,384
13500,11559,381
13500,11257,380
13500,10957,382
13500,10656,381
13500,10356,379
13500,10056,380
13500,9756,379
13500,9455,376
13500,9154,377
13500,8853,378
13500,8553,376
13500,8253,374
13500,7952,374
13500,7652,376
13500,7352,371
13500,7050,374
13500,6750,373
13500,6450,373
13500,6149,377
13500,5849,376
13500,5549,378
13500,5248,381
13500,4947,380
13500,4647,381
13500,4346,377
13500,4046,382
13500,3746,380
13500,3445,381
13500,3145,383
13500,2844,385
13500,2542,388
13500,2242,391
13500,1941,390
13500,1641,393
13500,1341,394
13500,1040,394
13500,740,397
13500,439,395
13500,138,396
13662,0,397
13800,162,396
13800,463,397
13800,763,395
13800,1063,390
13800,1365,392
13800,1665,389
13800,1965,394
13800,2266,388
13800,2566,387
13800,2866,385
13800,3167,382
13800,3468,378
13800,3768,379
13800,4069,380
13800,4369,380
13800,4669,380
13800,4970,378
13800,5270,379
13800,5572,380
13800,5872,377
13800,6172,375
13800,6472,373
13800,6773,373
13800,7073,371
13800,7373,372
13800,7675,373
13800,7975,371
13800,8276,374
13800,8576,375
13800,8876,377
13800,9176,377
13800,9477,377
13800,9778,380
13800,10079,380
13800,10379,382
13800,10679,377
13800,10980,379
13800,11280,378
13800,11580,380
