0,237,237
0,538,238
0,838,240
0,1140,241
0,1440,241
0,1740,240
0,2041,239
0,2341,239
0,2641,237
0,2941,236
0,3243,237
0,3543,234
0,3844,234
0,4144,235
0,4444,236
0,4745,237
0,5045,236
0,5346,237
0,5647,235
0,5947,234
0,6247,231
0,6548,230
0,6848,229
0,7148,227
0,7450,228
0,7751,228
0,8052,229
0,8352,231
0,8652,233
0,8953,234
0,9253,234
0,9553,237
0,9855,242
0,10155,242
0,10455,246
0,10756,247
0,11056,246
0,11356,245
0,11657,247
258,11700,245
300,11442,245
300,11141,247
300,10841,245
300,10541,244
300,10240,240
300,9940,238
300,9638,237
300,9338,235
300,9038,233
300,8738,233
300,8437,229
300,8137,228
300,7837,229
300,7535,228
300,7235,229
300,6934,229
300,6634,231
300,6334,233
300,6034,235
300,5733,234
300,5432,236
300,5131,235
300,4831,236
300,4531,236
300,4230,237
300,3930,234
300,3630,236
300,3328,236
300,3028,236
300,2728,237
300,2427,236
300,2127,237
300,1827,239
300,1526,241
300,1225,239
300,923,240
300,623,238
300,323,237
300,22,237
578,0,240
600,278,237
600,578,238
600,880,240
600,1180,240
600,1481,241
600,1781,240
600,2081,240
600,2382,237
600,2682,237
600,2983,237
600,3284,235
600,3584,236
600,3884,236
600,4185,239
600,4485,238
600,4785,237
600,5087,238
600,5387,238
600,5687,235
600,5988,233
600,6288,230
600,6588,227
600,6889,227
600,7190,226
600,7490,226
600,7791,227
600,8091,227
600,8391,230
600,8692,230
600,8992,232
600,9294,232
600,9594,236
600,9894,237
600,10194,239
600,10495,241
600,10795,242
600,11095,245
600,11397,245
600,11697,245
897,11700,243
900,11402,245
900,11102,245
900,10802,245
900,10501,241
900,10200,238
900,9899,234
900,9599,234
900,9299,232
900,8998,229
900,8698,229
900,8398,226
900,8096,225
900,7795,224
900,7494,224
900,7194,223
900,6894,226
900,6594,226
900,6293,227
900,5993,231
900,5691,235
900,5391,237
900,5091,237
900,4790,236
900,4490,236
900,4190,238
900,3890,235
900,3588,235
900,3288,236
900,2987,234
900,2687,236
900,2387,238
900,2086,239
900,1786,240
900,1485,240
900,1184,238
900,884,240
900,584,238
900,283,239
917,0,238
1200,17,238
1200,319,239
1200,619,240
1200,919,238
1200,1220,239
1200,1520,238
1200,1820,237
1200,2121,237
1200,2422,236
1200,2723,235
1200,3023,234
1200,3323,235
1200,3623,236
1200,3924,236
1200,4224,236
1200,4526,238
1200,4826,237
1200,5126,237
1200,5427,234
1200,5727,231
1200,6027,227
1200,6327,223
1200,6629,222
1200,6931,221
1200,7231,222
1200,7531,222
1200,7831,223
1200,8132,224
1200,8432,226
1200,8732,229
1200,9034,231
1200,9334,232
1200,9635,234
1200,9935,236
1200,10235,238
1200,10535,243
1200,10836,243
1200,11137,245
1200,11438,243
1238,11700,244
1500,11662,243
1500,11361,243
1500,11061,242
1500,10761,240
1500,10459,239
1500,10159,237
1500,9859,235
1500,9558,231
1500,9258,231
1500,8958,229
1500,8657,227
1500,8356,226
1500,8056,223
1500,7755,223
1500,7455,222
1500,7155,221
1500,6854,220
1500,6554,218
1500,6253,224
1500,5952,232
1500,5652,234
1500,5352,236
1500,5051,237
1500,4751,238
1500,4451,238
1500,4149,236
1500,3849,236
1500,3549,235
1500,3248,236
1500,2948,235
1500,2648,238
1500,2347,237
1500,2046,239
1500,1745,239
1500,1445,239
1500,1145,240
1500,845,241
1500,544,239
1500,244,239
1557,0,239
1800,59,240
1800,359,239
1800,660,240
1800,960,239
1800,1260,240
1800,1561,239
1800,1861,237
1800,2163,238
1800,2463,237
1800,2763,236
1800,3063,236
1800,3364,235
1800,3664,237
1800,3964,237
1800,4266,237
1800,4566,237
1800,4867,237
1800,5167,237
1800,5467,235
1800,5767,224
1800,6068,212
1800,6369,208
1800,6670,215
1800,6970,220
1800,7270,220
1800,7571,223
1800,7871,224
1800,8171,225
1800,8473,227
1800,8773,230
1800,9073,230
1800,9374,232
1800,9674,235
1800,9974,236
1800,10275,240
1800,10576,242
1800,10876,243
1800,11177,244
1800,11477,245
1877,11700,244
2100,11622,243
2100,11322,241
2100,11021,240
2100,10720,240
2100,10420,239
2100,10120,236
2100,9819,235
2100,9519,232
2100,9219,229
2100,8917,228
2100,8616,225
2100,8315,224
2100,8015,222
2100,7715,222
2100,7414,219
2100,7114,217
2100,6814,211
2100,6512,205
2100,6212,216
2100,5912,223
2100,5611,236
2100,5311,238
2100,5011,238
2100,4710,236
2100,4409,236
2100,4109,236
2100,3808,237
2100,3508,235
2100,3208,236
2100,2907,236
2100,2607,237
2100,2305,235
2100,2005,237
2100,1705,236
2100,1405,239
2100,1104,238
2100,804,240
2100,504,240
2100,202,240
2198,0,239
2400,99,240
2400,399,240
2400,699,239
2400,999,239
2400,1300,240
2400,1601,238
2400,1902,235
2400,2202,237
2400,2502,237
2400,2803,237
2400,3103,236
2400,3403,237
2400,3705,237
2400,4005,239
2400,4305,237
2400,4606,239
2400,4906,237
2400,5206,239
2400,5507,238
2400,5808,226
2400,6108,210
2400,6409,213
2400,6709,217
2400,7009,217
2400,7310,219
2400,7610,219
2400,7911,221
2400,8213,221
2400,8513,224
2400,8814,225
2400,9114,228
2400,9414,232
2400,9715,233
2400,10015,234
2400,10316,233
2400,10617,236
2400,10917,238
2400,11217,239
2400,11518,240
2518,11700,241
2700,11582,241
2700,11280,239
2700,10980,239
2700,10680,235
2700,10379,234
2700,10079,233
2700,9779,230
2700,9478,229
2700,9177,226
2700,8877,223
2700,8576,222
2700,8276,219
2700,7976,218
2700,7675,217
2700,7375,217
2700,7073,217
2700,6773,220
2700,6473,222
2700,6173,228
2700,5872,236
2700,5572,237
2700,5272,240
2700,4970,240
2700,4670,237
2700,4369,239
2700,4069,239
2700,3769,236
2700,3469,237
2700,3168,237
2700,2867,236
2700,2566,237
2700,2266,236
2700,1966,236
2700,1665,238
2700,1365,240
2700,1065,240
2700,763,240
2700,462,240
2700,161,240
2839,0,240
3000,139,242
3000,439,242
3000,740,240
3000,1040,240
3000,1342,240
3000,1642,238
3000,1942,238
3000,2243,238
3000,2543,236
3000,2843,237
3000,3143,237
3000,3445,238
3000,3745,238
3000,4046,237
3000,4346,239
3000,4646,241
3000,4947,241
3000,5247,241
3000,5548,240
3000,5849,236
3000,6149,232
3000,6449,228
3000,6750,223
3000,7050,220
3000,7350,219
3000,7652,219
3000,7952,219
3000,8252,219
3000,8553,222
3000,8853,224
3000,9153,228
3000,9454,229
3000,9755,233
3000,10055,234
3000,10356,236
3000,10656,238
3000,10956,240
3000,11257,241
3000,11557,243
3158,11700,243
3300,11541,241
3300,11241,241
3300,10941,239
3300,10640,238
3300,10340,236
3300,10040,233
3300,9738,230
3300,9438,228
3300,9137,228
3300,8837,224
3300,8537,221
3300,8237,217
3300,7936,216
3300,7635,218
3300,7333,220
3300,7033,222
3300,6733,228
3300,6432,231
3300,6132,237
3300,5832,240
3300,5531,240
3300,5230,240
3300,4929,242
3300,4629,239
3300,4329,237
3300,4029,239
3300,3728,238
3300,3428,239
3300,3126,239
3300,2826,239
3300,2526,239
3300,2225,238
3300,1925,239
3300,1625,238
3300,1325,239
3300,1023,241
3300,723,241
3300,422,242
3300,122,243
3478,0,243
3600,179,242
3600,479,240
3600,780,242
3600,1081,240
3600,1381,240
3600,1681,240
3600,1982,240
3600,2282,240
3600,2582,240
3600,2884,239
3600,3184,238
3600,3484,238
3600,3785,239
3600,4085,237
3600,4385,238
3600,4686,241
3600,4987,241
3600,5287,242
3600,5588,240
3600,5888,235
3600,6188,232
3600,6489,228
3600,6789,224
3600,7091,220
3600,7392,218
3600,7692,215
3600,7993,217
3600,8293,220
3600,8593,222
3600,8894,226
3600,9194,229
3600,9495,231
3600,9796,234
3600,10096,236
3600,10396,237
3600,10697,239
3600,10997,242
3600,11297,244
3600,11599,244
3799,11700,243
3900,11501,243
3900,11200,243
3900,10900,240
3900,10600,239
3900,10299,237
3900,9998,234
3900,9697,233
3900,9397,230
3900,9097,228
3900,8797,223
3900,8496,221
3900,8196,218
3900,7894,214
3900,7594,214
3900,7294,218
3900,6993,222
3900,6693,227
3900,6393,232
3900,6093,236
3900,5791,240
3900,5491,241
3900,5190,241
3900,4890,240
3900,4590,240
3900,4289,239
3900,3989,238
3900,3688,238
3900,3387,239
3900,3087,237
3900,2787,239
3900,2486,239
3900,2186,242
3900,1886,241
3900,1584,240
3900,1284,242
3900,984,240
3900,683,240
3900,383,242
3900,83,241
4117,0,241
4200,219,240
4200,521,242
4200,821,242
4200,1121,242
4200,1422,242
4200,1722,243
4200,2022,242
4200,2323,239
4200,2624,240
4200,2924,239
4200,3225,237
4200,3525,238
4200,3825,239
4200,4126,239
4200,4426,237
4200,4727,239
4200,5028,242
4200,5328,240
4200,5628,236
4200,5929,234
4200,6229,230
4200,6529,224
4200,6831,218
4200,7131,214
4200,7431,211
4200,7732,212
4200,8032,216
4200,8332,220
4200,8633,224
4200,8934,229
4200,9235,231
4200,9535,235
4200,9835,234
4200,10135,238
4200,10436,240
4200,10736,242
4200,11038,243
4200,11338,245
4200,11638,245
4438,11700,245
4500,11461,243
4500,11161,242
4500,10861,240
4500,10559,240
4500,10259,239
4500,9958,237
4500,9658,234
4500,9358,231
4500,9057,228
4500,8757,224
4500,8456,221
4500,8154,217
4500,7854,210
4500,7553,211
4500,7253,212
4500,6953,218
4500,6653,223
4500,6352,230
4500,6051,232
4500,5750,237
4500,5450,240
4500,5150,241
4500,4849,239
4500,4549,238
4500,4249,236
4500,3947,237
4500,3647,237
4500,3347,238
4500,3046,238
4500,2746,240
4500,2446,242
4500,2145,243
4500,1844,244
4500,1544,243
4500,1243,242
4500,943,242
4500,643,242
4500,342,242
4500,42,242
4759,0,242
4800,260,244
4800,560,245
4800,860,244
4800,1161,246
4800,1461,247
4800,1761,245
4800,2063,247
4800,2363,243
4800,2663,240
4800,2964,240
4800,3264,238
4800,3564,237
4800,3865,236
4800,4166,236
4800,4467,237
4800,4767,239
4800,5067,237
4800,5367,237
4800,5668,233
4800,5968,229
4800,6270,226
4800,6570,222
4800,6870,217
4800,7171,216
4800,7471,212
4800,7771,212
4800,8071,218
4800,8373,222
4800,8675,228
4800,8975,232
4800,9275,235
4800,9575,237
4800,9876,238
4800,10176,239
4800,10476,241
4800,10778,241
4800,11078,242
4800,11379,244
4800,11679,244
5079,11700,244
5100,11421,242
5100,11120,240
5100,10819,240
5100,10518,239
5100,10218,240
5100,9918,240
5100,9617,237
5100,9317,235
5100,9017,231
5100,8715,227
5100,8415,221
5100,8115,215
5100,7814,214
5100,7514,214
5100,7214,216
5100,6913,219
5100,6612,223
5100,6312,228
5100,6011,231
5100,5711,233
5100,5411,236
5100,5110,237
5100,4810,237
5100,4509,237
5100,4208,236
5100,3908,235
5100,3608,236
5100,3307,238
5100,3007,240
5100,2707,243
5100,2405,245
5100,2105,245
5100,1805,248
5100,1504,247
5100,1204,246
5100,904,246
5100,603,245
5100,302,243
5100,0,244
5400,0,244
5400,300,245
5400,601,247
5400,901,248
5400,1201,248
5400,1502,248
5400,1803,247
5400,2103,245
5400,2404,242
5400,2704,240
5400,3004,238
5400,3305,236
5400,3605,234
5400,3907,237
5400,4207,237
5400,4507,236
5400,4807,235
5400,5108,234
5400,5408,233
5400,5708,233
5400,6010,232
5400,6310,229
5400,6611,227
5400,6911,223
5400,7211,219
5400,7511,216
5400,7812,218
5400,8113,221
5400,8414,228
5400,8714,230
5400,9014,232
5400,9315,236
5400,9615,238
5400,9915,239
5400,10217,238
5400,10517,238
5400,10817,239
5400,11118,240
5400,11418,242
5418,11700,242
5700,11681,240
5700,11380,241
5700,11080,240
5700,10779,237
5700,10479,238
5700,10179,238
5700,9878,237
5700,9578,235
5700,9277,233
5700,8976,232
5700,8676,229
5700,8376,226
5700,8075,223
5700,7775,221
5700,7475,221
5700,7173,224
5700,6872,228
5700,6571,229
5700,6271,230
5700,5971,233
5700,5670,234
5700,5370,234
5700,5070,234
5700,4768,235
5700,4468,235
5700,4168,235
5700,3867,234
5700,3567,233
5700,3267,236
5700,2966,240
5700,2665,241
5700,2365,245
5700,2064,247
5700,1764,248
5700,1464,248
5700,1163,248
5700,863,247
5700,561,247
5700,261,245
5739,0,244
6000,39,248
6000,340,246
6000,640,247
6000,940,248
6000,1242,248
6000,1542,250
6000,1843,247
6000,2143,245
6000,2443,242
6000,2743,239
6000,3044,235
6000,3345,233
6000,3646,232
6000,3946,231
6000,4246,233
6000,4547,232
6000,4847,233
6000,5147,232
6000,5449,233
6000,5749,232
6000,6049,231
6000,6350,231
6000,6650,229
6000,6950,228
6000,7251,226
6000,7552,226
6000,7854,226
6000,8154,228
6000,8454,230
6000,8755,230
6000,9055,233
6000,9355,235
6000,9655,235
6000,9957,237
6000,10257,236
6000,10558,238
6000,10858,238
6000,11158,239
6000,11459,239
6059,11700,238
6300,11640,238
6300,11339,238
6300,11039,238
6300,10739,237
6300,10438,236
6300,10138,235
6300,9838,235
6300,9536,234
6300,9236,234
6300,8936,231
6300,8635,229
6300,8335,228
6300,8035,229
6300,7734,227
6300,7433,227
6300,7133,228
6300,6832,230
6300,6532,229
6300,6232,231
6300,5931,231
6300,5631,233
6300,5329,233
6300,5029,233
6300,4729,231
6300,4429,231
6300,4128,229
6300,3828,229
6300,3528,232
6300,3226,233
6300,2926,237
6300,2625,242
6300,2325,244
6300,2025,246
6300,1725,247
6300,1424,247
6300,1123,247
6300,822,247
6300,522,247
6300,222,246
6378,0,245
6600,79,248
6600,379,247
6600,681,247
6600,982,246
6600,1283,245
6600,1583,245
6600,1883,245
6600,2183,243
6600,2484,240
6600,2784,235
6600,3086,232
6600,3386,230
6600,3686,229
6600,3987,227
6600,4287,230
6600,4587,232
6600,4887,232
6600,5189,231
6600,5489,232
6600,5790,232
6600,6090,230
6600,6390,230
6600,6691,230
6600,6991,228
6600,7292,229
6600,7593,228
6600,7893,228
6600,8193,228
6600,8494,229
6600,8794,230
6600,9094,233
6600,9396,233
6600,9696,234
6600,9996,235
6600,10297,236
6600,10597,237
6600,10897,238
6600,11198,237
6600,11499,237
6699,11700,238
6900,11600,238
6900,11300,236
6900,11000,237
6900,10699,237
6900,10399,235
6900,10097,235
6900,9797,234
6900,9497,232
6900,9197,233
6900,8896,231
6900,8596,229
6900,8296,229
6900,7994,228
6900,7693,227
6900,7392,227
6900,7092,228
6900,6792,231
6900,6491,230
6900,6191,231
6900,5891,231
6900,5589,231
6900,5289,233
6900,4989,231
6900,4688,230
6900,4388,228
6900,4088,226
6900,3787,229
6900,3486,230
6900,3185,232
6900,2885,234
6900,2585,240
6900,2285,241
6900,1984,245
6900,1684,245
6900,1382,245
6900,1082,244
6900,782,245
6900,481,244
6900,181,248
7019,0,246
7200,119,245
7200,421,246
7200,721,244
7200,1022,245
7200,1322,245
7200,1622,244
7200,1923,244
7200,2223,241
7200,2524,235
7200,2825,232
7200,3125,229
7200,3425,227
7200,3726,225
7200,4026,227
7200,4326,228
7200,4628,228
7200,4928,230
7200,5228,231
7200,5529,232
7200,5829,231
7200,6129,230
7200,6430,230
7200,6731,229
7200,7031,227
7200,7332,227
7200,7632,227
7200,7932,229
7200,8233,230
7200,8533,231
7200,8835,233
7200,9136,231
7200,9436,233
7200,9737,234
7200,10037,235
7200,10337,237
7200,10638,237
7200,10938,237
7200,11239,239
7200,11540,240
7340,11700,239
7500,11560,238
7500,11259,239
7500,10959,238
7500,10659,236
7500,10357,236
7500,10057,235
7500,9757,233
7500,9456,233
7500,9156,233
7500,8856,230
7500,8555,230
7500,8254,230
7500,7953,229
7500,7653,227
7500,7353,227
7500,7053,228
7500,6752,230
7500,6452,230
7500,6150,230
7500,5850,231
7500,5550,230
7500,5249,231
7500,4949,228
7500,4649,227
7500,4349,227
7500,4047,226
7500,3747,223
7500,3446,223
7500,3146,229
7500,2846,235
7500,2545,238
7500,2245,243
7500,1944,244
7500,1643,244
7500,1343,245
7500,1043,244
7500,742,245
7500,442,246
7500,142,244
7660,0,244
7800,161,244
7800,462,245
7800,762,246
7800,1062,244
7800,1363,245
7800,1663,243
7800,1963,241
7800,2265,238
7800,2565,235
7800,2865,232
7800,3166,229
7800,3466,227
7800,3766,225
7800,4067,227
7800,4368,227
7800,4668,227
7800,4969,229
7800,5269,230
7800,5569,229
7800,5870,228
7800,6170,231
7800,6471,228
7800,6772,226
7800,7072,226
7800,7372,226
7800,7673,229
7800,7973,230
7800,8273,230
7800,8575,230
7800,8875,231
7800,9175,231
7800,9476,233
7800,9776,235
7800,10076,235
7800,10377,236
7800,10678,237
7800,10979,239
7800,11279,237
7800,11579,239
7979,11700,239
8100,11520,239
8100,11220,239
8100,10918,237
8100,10618,237
8100,10318,237
8100,10017,236
8100,9717,234
8100,9417,233
8100,9117,233
8100,8815,229
8100,8515,230
8100,8214,229
8100,7914,229
8100,7614,228
8100,7313,227
8100,7013,227
8100,6712,227
8100,6410,228
8100,6110,230
8100,5809,228
8100,5509,229
8100,5209,228
8100,4909,229
8100,4608,227
8100,4307,227
8100,4006,224
8100,3706,227
8100,3406,229
8100,3105,230
8100,2805,234
8100,2505,238
8100,2203,240
8100,1903,242
8100,1603,243
8100,1302,246
8100,1002,246
8100,702,245
8100,401,244
8100,100,245
8300,0,246
8400,201,246
8400,501,248
8400,801,247
8400,1102,245
8400,1402,245
8400,1703,243
8400,2004,243
8400,2304,240
8400,2604,236
8400,2905,232
8400,3205,229
8400,3505,229
8400,3807,228
8400,4107,229
8400,4407,230
8400,4708,230
8400,5008,227
8400,5308,226
8400,5609,228
8400,5910,230
8400,6211,228
8400,6511,229
8400,6811,227
8400,7111,226
8400,7412,226
8400,7712,229
8400,8014,229
8400,8315,231
8400,8615,232
8400,8916,232
8400,9216,233
8400,9516,235
8400,9817,235
8400,10117,235
8400,10419,236
8400,10719,238
8400,11019,239
8400,11319,238
8400,11620,239
8620,11700,238
8700,11480,237
8700,11178,236
8700,10878,237
8700,10577,236
8700,10277,236
8700,9977,235
8700,9677,235
8700,9376,232
8700,9075,233
8700,8774,232
8700,8474,233
8700,8174,229
8700,7873,229
8700,7573,228
8700,7273,227
8700,6971,228
8700,6671,229
8700,6371,228
8700,6070,230
8700,5770,228
8700,5470,228
8700,5169,228
8700,4868,230
8700,4568,230
8700,4267,229
8700,3967,229
8700,3667,229
8700,3366,230
8700,3066,231
8700,2765,237
8700,2464,239
8700,2164,243
8700,1864,245
8700,1563,246
8700,1263,245
8700,963,246
8700,661,246
8700,361,247
8700,61,248
8940,0,250
9000,240,248
9000,540,248
9000,841,248
9000,1142,248
9000,1444,246
9000,1744,246
9000,2044,243
9000,2345,240
9000,2645,236
9000,2945,231
9000,3246,229
9000,3547,229
9000,3847,228
9000,4148,229
9000,4448,230
9000,4748,229
9000,5049,229
9000,5349,229
9000,5651,230
9000,5951,230
9000,6251,229
9000,6551,229
9000,6852,226
9000,7152,225
9000,7452,226
9000,7754,228
9000,8054,228
9000,8355,229
9000,8655,231
9000,8955,232
9000,9255,232
9000,9556,235
9000,9857,235
9000,10158,236
9000,10458,237
9000,10758,237
9000,11059,238
9000,11359,237
9000,11659,240
9260,11700,239
9300,11439,238
9300,11139,238
9300,10838,237
9300,10538,237
9300,10238,236
9300,9937,237
9300,9636,235
9300,9336,234
9300,9035,230
9300,8735,230
9300,8435,228
9300,8134,229
9300,7834,226
9300,7533,227
9300,7231,226
9300,6931,227
9300,6630,230
9300,6330,230
9300,6030,233
9300,5729,231
9300,5429,232
9300,5128,229
9300,4827,228
9300,4527,228
9300,4227,229
9300,3926,229
9300,3626,228
9300,3326,230
9300,3024,232
9300,2724,236
9300,2424,241
9300,2123,242
9300,1823,246
9300,1523,246
9300,1222,249
9300,921,251
9300,621,249
9300,320,249
9300,20,250
9580,0,250
9600,281,250
9600,581,249
9600,883,248
9600,1183,248
9600,1483,245
9600,1783,246
9600,2084,243
9600,2384,240
9600,2684,236
9600,2986,236
9600,3286,234
9600,3587,228
9600,3887,228
9600,4187,228
9600,4487,230
9600,4788,229
9600,5089,231
9600,5390,230
9600,5690,231
9600,5990,230
9600,6291,231
9600,6591,230
9600,6891,227
9600,7193,226
9600,7493,226
9600,7793,226
9600,8094,226
9600,8394,228
9600,8694,228
9600,8995,232
9600,9296,236
9600,9598,236
9600,9898,239
9600,10198,238
9600,10499,238
9600,10799,239
9600,11099,238
9600,11399,239
9601,11700,240
9900,11699,237
9900,11398,239
9900,11098,238
9900,10798,236
9900,10497,236
9900,10197,237
9900,9896,237
9900,9595,236
9900,9295,234
9900,8995,231
9900,8694,227
9900,8394,227
9900,8094,226
9900,7792,224
9900,7492,223
9900,7192,228
9900,6891,230
9900,6591,230
9900,6291,232
9900,5990,231
9900,5689,230
9900,5389,228
9900,5088,229
9900,4788,229
9900,4488,229
9900,4187,229
9900,3887,230
9900,3585,230
9900,3285,233
9900,2985,236
9900,2685,240
9900,2384,243
9900,2084,245
9900,1784,246
9900,1482,246
9900,1182,246
9900,881,248
9900,581,251
9900,281,250
9919,0,251
10200,20,250
10200,321,249
10200,623,246
10200,923,246
10200,1223,246
10200,1524,247
10200,1824,244
10200,2124,244
10200,2425,243
10200,2726,240
10200,3027,235
10200,3327,235
10200,3627,234
10200,3927,231
10200,4228,230
10200,4528,230
10200,4830,229
10200,5130,228
10200,5430,230
10200,5731,230
10200,6031,232
10200,6331,233
10200,6631,229
10200,6933,227
10200,7233,221
10200,7534,218
10200,7834,216
10200,8134,220
10200,8435,224
10200,8735,225
10200,9036,229
10200,9337,233
10200,9637,235
10200,9937,237
10200,10238,238
10200,10538,238
10200,10838,236
10200,11140,237
10200,11440,237
10240,11700,238
10500,11659,237
10500,11359,236
10500,11059,238
10500,10758,236
10500,10457,236
10500,10157,236
10500,9856,235
10500,9556,231
10500,9256,228
10500,8955,225
10500,8655,221
10500,8353,216
10500,8053,213
10500,7753,216
10500,7453,221
10500,7152,225
10500,6852,227
10500,6552,231
10500,6250,232
10500,5949,230
10500,5648,231
10500,5348,230
10500,5048,229
10500,4747,229
10500,4447,230
10500,4147,233
10500,3845,235
10500,3545,237
10500,3245,240
10500,2944,241
10500,2644,243
10500,2344,243
10500,2043,244
10500,1742,246
10500,1441,245
10500,1141,244
10500,841,247
10500,541,248
10500,240,249
10560,0,247
10800,62,248
10800,362,248
10800,662,247
10800,963,246
10800,1263,245
10800,1563,245
10800,1863,245
10800,2165,242
10800,2465,243
10800,2766,242
10800,3066,240
10800,3366,239
10800,3667,237
10800,3967,233
10800,4268,232
10800,4569,229
10800,4869,230
10800,5169,230
10800,5470,231
10800,5770,232
10800,6070,232
10800,6372,232
10800,6672,230
10800,6972,224
10800,7273,221
10800,7573,215
10800,7873,208
10800,8174,212
10800,8475,218
10800,8777,222
10800,9077,227
10800,9377,230
10800,9678,232
10800,9978,234
10800,10278,235
10800,10579,235
10800,10880,237
10800,11180,235
10800,11481,237
10881,11700,236
11100,11619,238
11100,11318,237
11100,11018,237
11100,10717,234
11100,10416,234
11100,10116,234
11100,9816,229
11100,9515,229
11100,9215,225
11100,8915,220
11100,8613,216
11100,8313,212
11100,8012,211
11100,7712,214
11100,7412,220
11100,7112,228
11100,6811,232
11100,6510,234
11100,6209,235
11100,5909,232
11100,5609,231
11100,5309,230
11100,5008,228
11100,4708,228
11100,4406,230
11100,4106,234
11100,3806,238
11100,3505,238
11100,3205,241
11100,2905,244
11100,2605,244
11100,2303,245
11100,2003,243
11100,1702,245
11100,1402,245
11100,1102,246
11100,801,247
11100,501,248
11100,200,249
11200,0,247
11400,101,248
11400,401,246
11400,702,245
11400,1002,245
11400,1302,244
11400,1604,244
11400,1905,244
11400,2206,243
11400,2506,245
11400,2806,242
11400,3107,241
11400,3407,239
11400,3707,236
11400,4009,234
11400,4309,230
11400,4609,227
11400,4910,229
11400,5210,230
11400,5510,232
11400,5811,236
11400,6112,236
11400,6412,235
11400,6713,234
11400,7013,228
11400,7313,220
11400,7614,215
11400,7914,212
11400,8215,212
11400,8516,216
11400,8816,222
11400,9116,224
11400,9417,227
11400,9717,229
11400,10017,232
11400,10319,233
11400,10619,234
11400,10919,232
11400,11220,234
11400,11520,236
11520,11700,235
11700,11579,235
11700,11278,232
11700,10977,231
11700,10677,232
11700,10377,232
11700,10077,231
11700,9776,228
11700,9476,224
11700,9174,219
11700,8874,217
11700,8574,213
11700,8273,214
11700,7973,216
11700,7673,218
11700,7373,225
11700,7071,232
11700,6769,235
11700,6469,235
11700,6169,238
11700,5869,233
11700,5568,231
11700,5268,229
11700,4968,228
11700,4666,230
11700,4366,233
11700,4065,234
11700,3765,236
11700,3465,239
11700,3165,241
11700,2864,241
11700,2563,244
11700,2262,242
11700,1962,242
11700,1662,243
11700,1361,244
11700,1061,244
11700,761,244
11700,459,246
11700,159,247
11841,0,246
12000,142,245
12000,442,245
12000,742,245
12000,1043,244
12000,1344,244
12000,1644,244
12000,1945,244
12000,2245,241
12000,2545,241
12000,2846,240
12000,3146,238
12000,3447,239
12000,3748,236
12000,4048,232
12000,4348,230
12000,4649,229
12000,4949,229
12000,5249,230
12000,5551,231
12000,5851,234
12000,6151,237
12000,6452,236
12000,6752,234
12000,7052,230
12000,7353,225
12000,7654,222
12000,7955,218
12000,8255,215
12000,8555,215
12000,8855,220
12000,9156,223
12000,9456,225
12000,9758,228
12000,10059,232
12000,10359,231
12000,10660,231
12000,10960,231
12000,11260,232
12000,11561,233
12161,11700,234
12300,11537,232
12300,11237,230
12300,10937,232
12300,10637,231
12300,10336,229
12300,10036,228
12300,9736,226
12300,9434,223
12300,9134,221
12300,8833,220
12300,8533,217
12300,8233,219
12300,7932,223
12300,7632,227
12300,7331,230
12300,7030,233
12300,6730,234
12300,6430,235
12300,6129,236
12300,5829,230
12300,5529,232
12300,5227,229
12300,4927,228
12300,4627,230
12300,4326,231
12300,4026,235
12300,3726,237
12300,3425,240
12300,3124,239
12300,2824,240
12300,2523,240
12300,2223,241
12300,1923,242
12300,1622,242
12300,1322,243
12300,1021,244
12300,720,245
12300,420,244
12300,120,244
12480,0,245
12600,181,243
12600,481,245
12600,783,244
12600,1084,241
12600,1385,241
12600,1685,240
12600,1985,240
12600,2286,242
12600,2586,240
12600,2886,241
12600,3188,239
12600,3488,237
12600,3788,234
12600,4089,232
12600,4389,234
12600,4689,231
12600,4990,231
12600,5291,231
12600,5591,234
12600,5892,236
12600,6192,235
12600,6492,232
12600,6793,233
12600,7093,230
12600,7395,228
12600,7695,227
12600,7995,224
12600,8295,222
12600,8596,224
12600,8896,222
12600,9196,223
12600,9498,226
12600,9798,226
12600,10099,228
12600,10399,228
12600,10699,231
12600,10999,231
12600,11300,231
12600,11601,231
12801,11700,231
12900,11498,231
12900,11198,230
12900,10897,231
12900,10597,229
12900,10297,230
12900,9995,228
12900,9695,228
12900,9395,226
12900,9094,224
12900,8794,226
12900,8494,224
12900,8193,225
12900,7892,227
12900,7592,229
12900,7291,231
12900,6991,230
12900,6691,234
12900,6390,234
12900,6090,234
12900,5789,234
12900,5487,233
12900,5187,231
12900,4886,231
12900,4586,232
12900,4286,234
12900,3985,235
12900,3685,239
12900,3384,240
12900,3083,241
12900,2783,239
12900,2483,239
12900,2182,241
12900,1882,240
12900,1582,240
12900,1280,240
12900,980,242
12900,680,242
12900,379,242
12900,79,242
13121,0,241
13200,222,240
13200,523,240
13200,823,240
13200,1124,240
13200,1424,240
13200,1724,239
13200,2025,240
13200,2325,241
13200,2627,241
13200,2927,238
13200,3227,239
13200,3527,238
13200,3828,237
13200,4128,235
13200,4428,234
13200,4730,233
13200,5030,233
13200,5331,235
13200,5631,235
13200,5931,236
13200,6231,233
13200,6532,233
13200,6833,231
13200,7134,231
13200,7434,229
13200,7734,227
13200,8035,227
13200,8335,226
13200,8635,227
13200,8937,226
13200,9238,227
13200,9539,227
13200,9839,229
13200,10139,229
13200,10439,228
13200,10740,229
13200,11040,229
13200,11342,229
13200,11642,232
13442,11700,230
13500,11457,229
13500,11157,228
13500,10857,229
13500,10557,228
13500,10255,229
13500,9955,230
13500,9654,229
13500,9354,229
13500,9054,227
13500,8753,226
13500,8453,231
13500,8152,230
13500,7851,228
13500,7551,229
13500,7251,229
13500,6950,230
13500,6650,232
13500,6350,235
13500,6048,236
13500,5748,234
13500,5448,234
13500,5147,233
13500,4847,235
13500,4547,235
13500,4246,237
13500,3945,237
13500,3645,238
13500,3344,239
13500,3044,240
13500,2744,240
13500,2443,240
13500,2143,239
13500,1841,239
13500,1541,238
13500,1241,240
13500,941,239
13500,640,239
13500,340,240
13500,40,239
13762,0,238
13800,262,238
13800,563,239
13800,863,237
13800,1163,238
13800,1463,239
13800,1764,239
13800,2065,237
13800,2367,240
13800,2667,240
13800,2967,242
13800,3268,242
13800,3568,238
13800,3868,239
13800,4169,238
13800,4470,237
13800,4771,236
13800,5071,236
13800,5371,237
13800,5671,237
13800,5972,236
13800,6272,236
13800,6574,234
13800,6874,232
13800,7174,231
13800,7475,232
13800,7775,231
13800,8075,230
13800,8375,231
13800,8677,230
13800,8977,231
13800,9278,231
13800,9578,227
13800,9878,228
13800,10179,228
13800,10479,229
13800,10780,230
13800,11081,229
13800,11381,229
13800,11681,230
