0,132,247
0,433,247
0,733,248
0,1035,248
0,1335,247
0,1635,247
0,1935,246
0,2236,245
0,2536,244
0,2836,242
0,3138,238
0,3439,235
0,3740,233
0,4040,232
0,4340,231
0,4641,231
0,4941,228
0,5241,228
0,5543,226
0,5843,227
0,6143,226
0,6444,226
0,6744,228
0,7044,230
0,7345,228
0,7646,229
0,7947,231
0,8247,230
0,8547,232
0,8847,233
0,9148,233
0,9448,231
0,9750,232
0,10050,230
0,10350,232
0,10651,231
0,10951,233
0,11251,231
0,11551,232
153,11700,233
300,11547,232
300,11246,233
300,10946,232
300,10646,230
300,10345,230
300,10045,232
300,9744,232
300,9443,233
300,9143,233
300,8843,232
300,8542,233
300,8242,230
300,7942,229
300,7640,230
300,7340,229
300,7040,228
300,6739,228
300,6439,226
300,6139,227
300,5838,227
300,5537,226
300,5235,230
300,4935,230
300,4635,232
300,4334,232
300,4034,234
300,3734,234
300,3433,238
300,3132,243
300,2832,245
300,2531,245
300,2231,247
300,1931,249
300,1630,250
300,1330,248
300,1028,250
300,728,249
300,428,246
300,128,248
473,0,247
600,173,248
600,473,248
600,775,249
600,1075,248
600,1376,250
600,1676,248
600,1976,247
600,2276,246
600,2577,245
600,2878,242
600,3179,235
600,3479,234
600,3779,233
600,4080,232
600,4380,230
600,4680,228
600,4982,230
600,5282,227
600,5582,227
600,5883,227
600,6183,226
600,6483,229
600,6784,228
600,7085,230
600,7385,228
600,7686,229
600,7986,231
600,8286,232
600,8587,233
600,8887,233
600,9188,233
600,9489,232
600,9789,230
600,10089,229
600,10390,229
600,10690,231
600,10990,230
600,11292,232
600,11593,231
794,11700,230
900,11506,231
900,11206,230
900,10905,231
900,10605,229
900,10305,230
900,10003,229
900,9703,229
900,9403,232
900,9102,233
900,8802,234
900,8502,233
900,8201,231
900,7900,229
900,7600,227
900,7299,230
900,6999,229
900,6699,229
900,6398,229
900,6098,229
900,5796,228
900,5496,229
900,5196,227
900,4896,229
900,4595,229
900,4295,230
900,3995,231
900,3693,233
900,3393,237
900,3092,240
900,2792,243
900,2492,246
900,2192,247
900,1891,248
900,1590,248
900,1289,248
900,989,248
900,689,248
900,388,249
900,88,247
1112,0,249
1200,214,248
1200,514,247
1200,814,247
1200,1115,247
1200,1415,247
1200,1715,247
1200,2016,246
1200,2317,244
1200,2619,241
1200,2919,239
1200,3219,237
1200,3520,233
1200,3820,232
1200,4120,232
1200,4421,232
1200,4722,231
1200,5022,231
1200,5323,231
1200,5623,230
1200,5923,230
1200,6224,230
1200,6524,231
1200,6825,230
1200,7126,229
1200,7426,227
1200,7726,228
1200,8027,230
1200,8327,233
1200,8627,233
1200,8929,233
1200,9229,232
1200,9529,230
1200,9830,229
1200,10130,228
1200,10430,227
1200,10731,226
1200,11032,229
1200,11333,230
1200,11633,229
1433,11700,230
1500,11467,228
1500,11166,226
1500,10866,226
1500,10564,225
1500,10264,229
1500,9964,229
1500,9663,231
1500,9363,233
1500,9063,233
1500,8763,232
1500,8461,232
1500,8161,229
1500,7860,229
1500,7560,230
1500,7260,229
1500,6959,231
1500,6659,231
1500,6358,230
1500,6057,229
1500,5757,232
1500,5457,234
1500,5156,234
1500,4856,235
1500,4556,233
1500,4254,235
1500,3953,234
1500,3652,235
1500,3352,236
1500,3052,240
1500,2751,242
1500,2451,244
1500,2151,246
1500,1849,247
1500,1549,246
1500,1249,247
1500,948,247
1500,648,246
1500,348,247
1500,47,247
1754,0,246
1800,254,246
1800,555,247
1800,855,246
1800,1155,246
1800,1456,247
1800,1756,246
1800,2057,245
1800,2358,243
1800,2658,242
1800,2958,240
1800,3259,239
1800,3559,237
1800,3859,236
1800,4161,236
1800,4461,237
1800,4761,237
1800,5062,236
1800,5362,235
1800,5662,233
1800,5963,231
1800,6264,230
1800,6565,231
1800,6865,231
1800,7165,231
1800,7465,229
1800,7766,229
1800,8066,229
1800,8368,230
1800,8668,232
1800,8968,233
1800,9269,234
1800,9569,231
1800,9869,229
1800,10169,227
1800,10471,227
1800,10773,227
1800,11073,228
1800,11373,229
1800,11673,228
2074,11700,228
2100,11426,228
2100,11126,227
2100,10824,227
2100,10524,227
2100,10223,228
2100,9923,230
2100,9623,232
2100,9323,233
2100,9022,233
2100,8721,232
2100,8420,230
2100,8120,229
2100,7820,230
2100,7519,232
2100,7219,232
2100,6919,233
2100,6617,233
2100,6317,233
2100,6017,234
2100,5716,234
2100,5416,236
2100,5116,237
2100,4815,238
2100,4514,240
2100,4214,240
2100,3913,240
2100,3613,239
2100,3313,238
2100,3012,239
2100,2712,241
2100,2411,243
2100,2110,245
2100,1810,248
2100,1510,248
2100,1209,249
2100,909,247
2100,609,247
2100,307,246
2100,7,245
2393,0,247
2400,294,246
2400,594,249
2400,894,248
2400,1195,247
2400,1496,245
2400,1797,246
2400,2097,242
2400,2397,242
2400,2697,241
2400,2998,241
2400,3298,239
2400,3600,240
2400,3901,240
2400,4201,241
2400,4502,239
2400,4802,239
2400,5102,239
2400,5403,237
2400,5703,235
2400,6005,235
2400,6305,234
2400,6605,233
2400,6905,232
2400,7206,231
2400,7506,230
2400,7806,228
2400,8108,230
2400,8408,230
2400,8709,230
2400,9009,229
2400,9309,231
2400,9609,229
2400,9910,229
2400,10211,226
2400,10512,226
2400,10812,226
2400,11112,226
2400,11413,226
2413,11700,227
2700,11687,228
2700,11385,228
2700,11085,226
2700,10785,225
2700,10484,226
2700,10184,227
2700,9884,229
2700,9583,227
2700,9282,229
2700,8982,230
2700,8681,230
2700,8381,229
2700,8081,230
2700,7780,229
2700,7480,231
2700,7179,231
2700,6878,233
2700,6578,233
2700,6278,234
2700,5977,235
2700,5677,235
2700,5377,238
2700,5075,238
2700,4774,240
2700,4473,240
2700,4173,241
2700,3873,241
2700,3572,239
2700,3272,240
2700,2972,239
2700,2670,239
2700,2370,241
2700,2070,243
2700,1769,244
2700,1469,246
2700,1169,245
2700,868,245
2700,567,245
2700,267,246
2734,0,245
3000,34,246
3000,334,246
3000,635,245
3000,935,245
3000,1237,244
3000,1537,245
3000,1837,242
3000,2137,241
3000,2438,239
3000,2738,237
3000,3038,239
3000,3340,238
3000,3640,240
3000,3941,241
3000,4241,240
3000,4541,239
3000,4841,239
3000,5142,238
3000,5443,237
3000,5744,236
3000,6044,235
3000,6344,233
3000,6645,233
3000,6945,232
3000,7245,229
3000,7547,228
3000,7847,229
3000,8147,227
3000,8448,229
3000,8748,228
3000,9048,228
3000,9349,229
3000,9650,226
3000,9950,227
3000,10251,226
3000,10551,225
3000,10851,224
3000,11152,228
3000,11452,226
3053,11700,229
3300,11645,229
3300,11345,227
3300,11044,226
3300,10744,226
3300,10444,227
3300,10143,229
3300,9843,227
3300,9542,229
3300,9241,228
3300,8941,228
3300,8641,230
3300,8340,227
3300,8040,229
3300,7740,229
3300,7438,228
3300,7138,230
3300,6838,231
3300,6537,232
3300,6237,235
3300,5937,234
3300,5636,236
3300,5335,236
3300,5035,239
3300,4734,238
3300,4434,239
3300,4134,240
3300,3833,240
3300,3533,238
3300,3231,236
3300,2931,237
3300,2631,237
3300,2331,240
3300,2030,240
3300,1730,241
3300,1430,242
3300,1128,242
3300,828,243
3300,527,242
3300,227,243
3373,0,242
3600,73,240
3600,374,239
3600,675,240
3600,976,240
3600,1276,240
3600,1576,242
3600,1877,238
3600,2177,237
3600,2477,236
3600,2779,236
3600,3080,234
3600,3381,238
3600,3681,236
3600,3981,237
3600,4281,238
3600,4582,237
3600,4882,236
3600,5184,237
3600,5484,235
3600,5784,234
3600,6085,233
3600,6385,232
3600,6685,232
3600,6985,231
3600,7287,229
3600,7587,231
3600,7888,229
3600,8188,227
3600,8488,229
3600,8789,228
3600,9089,227
3600,9390,225
3600,9691,226
3600,9991,228
3600,10291,227
3600,10592,227
3600,10892,229
3600,11192,229
3600,11494,229
3694,11700,230
3900,11606,229
3900,11305,230
3900,11005,227
3900,10705,228
3900,10404,227
3900,10103,226
3900,9803,226
3900,9502,225
3900,9202,227
3900,8902,228
3900,8601,227
3900,8301,228
3900,7999,228
3900,7699,229
3900,7399,230
3900,7099,230
3900,6798,231
3900,6498,233
3900,6198,233
3900,5896,232
3900,5596,235
3900,5295,236
3900,4995,235
3900,4695,238
3900,4395,237
3900,4094,235
3900,3793,236
3900,3491,235
3900,3191,234
3900,2891,233
3900,2590,233
3900,2290,236
3900,1990,238
3900,1689,238
3900,1388,239
3900,1087,239
3900,787,238
3900,487,240
3900,187,238
4014,0,237
4200,114,237
4200,416,237
4200,716,237
4200,1016,237
4200,1317,239
4200,1617,236
4200,1917,235
4200,2217,235
4200,2519,234
4200,2819,234
4200,3120,231
4200,3420,234
4200,3720,236
4200,4021,236
4200,4321,236
4200,4622,236
4200,4923,234
4200,5223,233
4200,5523,232
4200,5824,231
4200,6124,230
4200,6424,231
4200,6726,231
4200,7026,230
4200,7326,230
4200,7627,229
4200,7927,227
4200,8227,227
4200,8528,228
4200,8829,226
4200,9129,226
4200,9430,227
4200,9730,227
4200,10030,227
4200,10331,229
4200,10631,228
4200,10933,230
4200,11234,233
4200,11534,232
4334,11700,232
4500,11565,232
4500,11265,233
4500,10964,232
4500,10664,229
4500,10363,228
4500,10062,229
4500,9762,226
4500,9462,226
4500,9161,226
4500,8861,225
4500,8561,226
4500,8259,226
4500,7959,227
4500,7659,228
4500,7358,228
4500,7058,232
4500,6758,232
4500,6457,232
4500,6156,231
4500,5855,230
4500,5555,231
4500,5255,232
4500,4955,234
4500,4654,233
4500,4354,233
4500,4052,236
4500,3752,236
4500,3452,234
4500,3151,234
4500,2851,234
4500,2551,234
4500,2251,234
4500,1949,236
4500,1649,235
4500,1348,237
4500,1048,236
4500,748,234
4500,447,233
4500,147,235
4654,0,235
4800,155,236
4800,455,233
4800,755,233
4800,1056,234
4800,1356,233
4800,1656,236
4800,1958,235
4800,2258,234
4800,2558,233
4800,2859,235
4800,3159,234
4800,3459,233
4800,3760,235
4800,4061,235
4800,4363,233
4800,4663,233
4800,4963,232
4800,5264,232
4800,5564,232
4800,5864,230
4800,6165,231
4800,6466,230
4800,6766,231
4800,7067,228
4800,7367,226
4800,7667,225
4800,7968,225
4800,8268,225
4800,8569,225
4800,8870,224
4800,9170,225
4800,9470,225
4800,9771,226
4800,10071,227
4800,10371,230
4800,10673,231
4800,10973,231
4800,11273,232
4800,11574,233
4974,11700,234
5100,11526,233
5100,11225,230
5100,10924,230
5100,10623,228
5100,10323,226
5100,10023,225
5100,9723,225
5100,9422,225
5100,9122,224
5100,8820,225
5100,8520,225
5100,8220,224
5100,7919,224
5100,7619,224
5100,7319,227
5100,7019,228
5100,6717,229
5100,6417,232
5100,6116,233
5100,5816,232
5100,5516,231
5100,5215,231
5100,4915,232
5100,4614,233
5100,4312,233
5100,4012,233
5100,3711,233
5100,3411,233
5100,3111,231
5100,2811,235
5100,2510,232
5100,2209,234
5100,1908,234
5100,1608,234
5100,1308,235
5100,1007,235
5100,707,234
5100,407,234
5100,105,234
5295,0,234
5400,195,233
5400,496,232
5400,796,233
5400,1096,232
5400,1397,233
5400,1698,233
5400,1998,233
5400,2299,233
5400,2599,232
5400,2899,233
5400,3200,233
5400,3500,234
5400,3801,232
5400,4102,232
5400,4402,231
5400,4702,233
5400,5003,232
5400,5303,233
5400,5603,233
5400,5905,233
5400,6205,231
5400,6505,229
5400,6806,229
5400,7106,228
5400,7406,226
5400,7707,225
5400,8008,225
5400,8309,225
5400,8609,223
5400,8909,223
5400,9209,222
5400,9510,225
5400,9810,225
5400,10112,224
5400,10412,227
5400,10712,229
5400,11013,231
5400,11313,232
5400,11613,232
5613,11700,232
5700,11485,232
5700,11183,230
5700,10883,227
5700,10583,226
5700,10283,225
5700,9982,225
5700,9682,223
5700,9382,223
5700,9080,223
5700,8780,223
5700,8479,225
5700,8179,225
5700,7879,226
5700,7579,226
5700,7278,226
5700,6977,229
5700,6676,230
5700,6376,230
5700,6076,233
5700,5775,234
5700,5475,233
5700,5175,234
5700,4873,235
5700,4573,232
5700,4273,231
5700,3972,233
5700,3672,231
5700,3372,232
5700,3071,232
5700,2770,231
5700,2470,233
5700,2169,231
5700,1869,232
5700,1569,233
5700,1268,232
5700,968,232
5700,667,232
5700,366,233
5700,66,234
5934,0,233
6000,235,232
6000,535,232
6000,835,230
6000,1137,229
6000,1437,231
6000,1737,229
6000,2038,230
6000,2338,231
6000,2638,231
6000,2939,231
6000,3240,230
6000,3542,232
6000,3842,234
6000,4142,234
6000,4443,234
6000,4743,233
6000,5043,235
6000,5344,234
6000,5645,235
6000,5945,234
6000,6246,232
6000,6546,231
6000,6846,230
6000,7147,229
6000,7447,228
6000,7749,227
6000,8049,228
6000,8349,226
6000,8649,224
6000,8950,223
6000,9250,222
6000,9550,223
6000,9852,224
6000,10152,226
6000,10453,225
6000,10753,228
6000,11053,229
6000,11353,228
6000,11654,229
6255,11700,229
6300,11444,228
6300,11144,226
6300,10844,226
6300,10543,226
6300,10243,225
6300,9943,225
6300,9641,223
6300,9341,223
6300,9041,225
6300,8740,226
6300,8440,227
6300,8140,229
6300,7839,228
6300,7538,229
6300,7238,230
6300,6937,232
6300,6637,232
6300,6337,232
6300,6036,233
6300,5736,236
6300,5435,236
6300,5134,234
6300,4834,235
6300,4534,234
6300,4233,235
6300,3933,233
6300,3633,233
6300,3331,233
6300,3030,230
6300,2729,230
6300,2429,229
6300,2129,230
6300,1828,231
6300,1528,230
6300,1228,231
6300,926,233
6300,626,230
6300,326,232
6300,25,232
6575,0,232
6600,275,232
6600,576,232
6600,877,232
6600,1177,231
6600,1478,231
6600,1778,231
6600,2078,228
6600,2379,229
6600,2679,231
6600,2981,230
6600,3281,232
6600,3581,234
6600,3881,234
6600,4182,234
6600,4482,234
6600,4782,236
6600,5084,235
6600,5384,236
6600,5685,235
6600,5985,234
6600,6285,231
6600,6585,230
6600,6886,229
6600,7187,228
6600,7488,230
6600,7788,228
6600,8088,228
6600,8389,227
6600,8689,226
6600,8989,224
6600,9291,222
6600,9591,224
6600,9891,227
6600,10192,226
6600,10492,228
6600,10792,227
6600,11093,228
6600,11394,227
6600,11696,229
6896,11700,230
6900,11404,229
6900,11103,228
6900,10803,228
6900,10503,227
6900,10203,225
6900,9901,223
6900,9601,223
6900,9300,224
6900,9000,224
6900,8700,226
6900,8399,227
6900,8099,229
6900,7798,230
6900,7497,230
6900,7197,227
6900,6897,230
6900,6596,230
6900,6296,232
6900,5996,234
6900,5694,235
6900,5394,236
6900,5094,235
6900,4793,236
6900,4493,235
6900,4193,234
6900,3892,234
6900,3591,233
6900,3291,233
6900,2990,231
6900,2690,232
6900,2390,230
6900,2089,231
6900,1789,231
6900,1487,230
6900,1187,231
6900,887,232
6900,587,233
6900,286,233
6914,0,233
7200,14,234
7200,316,235
7200,616,231
7200,917,232
7200,1217,230
7200,1517,228
7200,1817,230
7200,2118,231
7200,2419,231
7200,2720,233
7200,3020,234
7200,3320,233
7200,3621,234
7200,3921,235
7200,4221,237
7200,4523,238
7200,4824,236
7200,5125,236
7200,5425,235
7200,5725,235
7200,6025,232
7200,6326,230
7200,6626,230
7200,6928,229
7200,7228,228
7200,7528,228
7200,7829,229
7200,8129,229
7200,8429,228
7200,8729,226
7200,9031,224
7200,9331,226
7200,9632,227
7200,9932,227
7200,10232,228
7200,10533,230
7200,10833,232
7200,11134,232
7200,11435,229
7235,11700,229
7500,11665,230
7500,11364,231
7500,11064,231
7500,10764,231
7500,10462,230
7500,10162,228
7500,9862,228
7500,9561,228
7500,9261,226
7500,8961,224
7500,8660,225
7500,8359,226
7500,8059,226
7500,7758,226
7500,7458,227
7500,7158,227
7500,6857,227
7500,6557,231
7500,6255,233
7500,5955,234
7500,5655,234
7500,5355,235
7500,5054,236
7500,4754,239
7500,4454,237
7500,4152,236
7500,3851,237
7500,3550,235
7500,3250,235
7500,2950,234
7500,2649,233
7500,2349,231
7500,2049,230
7500,1747,231
7500,1447,230
7500,1147,231
7500,846,231
7500,546,235
7500,246,235
7554,0,233
7800,56,235
7800,357,235
7800,657,233
7800,957,233
7800,1257,231
7800,1558,230
7800,1858,230
7800,2160,231
7800,2460,233
7800,2760,235
7800,3061,237
7800,3361,239
7800,3661,238
7800,3961,238
7800,4263,236
7800,4563,236
7800,4864,236
7800,5164,235
7800,5464,235
7800,5765,233
7800,6065,233
7800,6366,229
7800,6667,227
7800,6967,226
7800,7267,224
7800,7568,225
7800,7868,226
7800,8168,225
7800,8470,224
7800,8770,224
7800,9070,226
7800,9371,228
7800,9671,228
7800,9971,230
7800,10272,229
7800,10573,231
7800,10873,229
7800,11174,231
7800,11474,229
7874,11700,230
8100,11625,230
8100,11325,232
8100,11023,231
8100,10722,232
8100,10422,232
8100,10121,229
8100,9821,228
8100,9521,227
8100,9220,226
8100,8920,224
8100,8619,225
8100,8318,225
8100,8018,224
8100,7718,225
8100,7417,225
8100,7117,224
8100,6817,228
8100,6515,229
8100,6215,230
8100,5915,232
8100,5614,232
8100,5314,234
8100,5014,236
8100,4713,234
8100,4412,235
8100,4111,236
8100,3811,239
8100,3511,237
8100,3211,237
8100,2910,238
8100,2610,232
8100,2308,233
8100,2008,231
8100,1708,231
8100,1407,232
8100,1107,233
8100,807,235
8100,507,234
8100,205,234
8195,0,235
8400,96,234
8400,396,234
8400,696,234
8400,997,234
8400,1297,233
8400,1598,231
8400,1899,230
8400,2199,232
8400,2499,233
8400,2800,233
8400,3100,234
8400,3400,235
8400,3702,236
8400,4003,234
8400,4304,234
8400,4604,234
8400,4904,233
8400,5205,232
8400,5505,232
8400,5805,230
8400,6107,229
8400,6407,228
8400,6707,227
8400,7008,226
8400,7308,226
8400,7608,223
8400,7909,225
8400,8210,224
8400,8510,226
8400,8811,226
8400,9111,225
8400,9411,227
8400,9712,228
8400,10012,230
8400,10313,230
8400,10614,229
8400,10914,231
8400,11214,230
8400,11515,229
8515,11700,230
8700,11585,232
8700,11283,231
8700,10983,229
8700,10683,229
8700,10382,230
8700,10082,228
8700,9782,229
8700,9481,228
8700,9180,227
8700,8879,226
8700,8579,225
8700,8279,224
8700,7979,225
8700,7678,225
8700,7378,225
8700,7076,224
8700,6776,224
8700,6476,226
8700,6175,227
8700,5875,229
8700,5575,229
8700,5275,232
8700,4973,233
8700,4673,230
8700,4372,233
8700,4072,235
8700,3772,234
8700,3471,233
8700,3171,232
8700,2870,231
8700,2568,230
8700,2268,231
8700,1967,230
8700,1667,230
8700,1367,231
8700,1067,231
8700,766,234
8700,465,234
8700,164,232
8836,0,232
9000,136,232
9000,437,234
9000,737,233
9000,1037,230
9000,1339,229
9000,1639,230
9000,1939,229
9000,2240,230
9000,2540,229
9000,2840,232
9000,3141,229
9000,3442,232
9000,3742,230
9000,4043,230
9000,4343,230
9000,4643,231
9000,4944,230
9000,5244,228
9000,5545,228
9000,5846,226
9000,6146,225
9000,6446,226
9000,6747,225
9000,7047,225
9000,7347,225
9000,7649,225
9000,7949,226
9000,8249,224
9000,8550,225
9000,8850,228
9000,9150,228
9000,9451,228
9000,9752,228
9000,10053,229
9000,10353,226
9000,10653,228
9000,10953,228
9000,11254,230
9000,11554,228
9155,11700,229
9300,11543,227
9300,11243,228
9300,10942,227
9300,10642,228
9300,10342,227
9300,10041,227
9300,9741,229
9300,9439,227
9300,9139,226
9300,8839,225
9300,8539,225
9300,8238,225
9300,7938,226
9300,7638,224
9300,7336,224
9300,7036,223
9300,6735,224
9300,6435,224
9300,6135,225
9300,5835,226
9300,5534,225
9300,5233,226
9300,4932,227
9300,4632,227
9300,4332,228
9300,4031,228
9300,3731,229
9300,3431,228
9300,3129,228
9300,2829,228
9300,2529,228
9300,2228,229
9300,1928,228
9300,1628,228
9300,1327,231
9300,1026,230
9300,726,232
9300,425,232
9300,125,232
9475,0,232
9600,176,230
9600,476,232
9600,777,231
9600,1078,229
9600,1378,229
9600,1678,228
9600,1979,229
9600,2279,228
9600,2579,225
9600,2881,225
9600,3181,225
9600,3481,226
9600,3782,226
9600,4082,225
9600,4382,226
9600,4683,225
9600,4984,223
9600,5286,223
9600,5586,223
9600,5886,223
9600,6187,223
9600,6487,223
9600,6787,224
9600,7088,224
9600,7389,224
9600,7689,224
9600,7990,223
9600,8290,225
9600,8590,226
9600,8891,225
9600,9191,225
9600,9493,225
9600,9793,225
9600,10093,227
9600,10393,226
9600,10694,226
9600,10994,225
9600,11294,226
9600,11596,226
9796,11700,229
9900,11503,228
9900,11203,226
9900,10903,226
9900,10603,225
9900,10302,226
9900,10001,227
9900,9700,225
9900,9400,225
9900,9100,224
9900,8799,225
9900,8499,223
9900,8199,224
9900,7897,224
9900,7597,224
9900,7297,224
9900,6996,224
9900,6696,223
9900,6396,224
9900,6095,224
9900,5794,224
9900,5494,225
9900,5193,224
9900,4893,223
9900,4593,224
9900,4292,225
9900,3992,225
9900,3691,225
9900,3389,225
9900,3089,225
9900,2788,224
9900,2488,225
9900,2188,227
9900,1887,228
9900,1587,229
9900,1286,229
9900,985,230
9900,685,232
9900,385,231
9900,84,232
10116,0,233
10200,216,230
10200,518,229
10200,818,231
10200,1118,230
10200,1419,229
10200,1719,228
10200,2019,227
10200,2320,225
10200,2621,224
10200,2921,222
10200,3222,224
10200,3522,223
10200,3822,224
10200,4123,223
10200,4423,223
10200,4725,221
10200,5025,221
10200,5325,223
10200,5625,224
10200,5926,223
10200,6226,222
10200,6526,221
10200,6828,223
10200,7128,222
10200,7429,223
10200,7729,224
10200,8029,224
10200,8329,225
10200,8630,224
10200,8931,225
10200,9232,225
10200,9532,224
10200,9832,226
10200,10133,226
10200,10433,225
10200,10733,227
10200,11035,226
10200,11335,228
10200,11635,230
10435,11700,228
10500,11464,227
10500,11164,228
10500,10863,227
10500,10562,226
10500,10260,226
10500,9960,227
10500,9660,225
10500,9359,224
10500,9059,223
10500,8759,222
10500,8459,222
10500,8157,224
10500,7857,224
10500,7556,222
10500,7256,222
10500,6956,222
10500,6655,221
10500,6355,222
10500,6054,222
10500,5753,222
10500,5453,221
10500,5153,221
10500,4852,222
10500,4552,222
10500,4252,223
10500,3950,222
10500,3650,222
10500,3350,223
10500,3049,224
10500,2749,224
10500,2449,225
10500,2148,226
10500,1847,227
10500,1547,229
10500,1246,229
10500,946,230
10500,646,231
10500,345,231
10500,45,232
10756,0,230
10800,257,230
10800,557,230
10800,857,231
10800,1158,231
10800,1458,228
10800,1758,227
10800,2060,226
10800,2360,227
10800,2661,224
10800,2961,225
10800,3261,223
10800,3561,222
10800,3862,221
10800,4163,222
10800,4465,221
10800,4765,221
10800,5065,221
10800,5366,222
10800,5666,221
10800,5966,222
10800,6267,221
10800,6568,221
10800,6869,220
10800,7169,221
10800,7469,221
10800,7769,222
10800,8070,223
10800,8370,224
10800,8672,224
10800,8972,224
10800,9272,225
10800,9573,225
10800,9873,225
10800,10173,227
10800,10473,226
10800,10775,227
10800,11075,228
10800,11376,229
10800,11676,230
11076,11700,229
11100,11423,228
11100,11123,228
11100,10822,227
11100,10521,226
11100,10221,225
11100,9921,225
11100,9620,224
11100,9320,224
11100,9020,224
11100,8718,224
11100,8418,223
11100,8118,222
11100,7817,221
11100,7517,220
11100,7217,219
11100,6916,220
11100,6615,222
11100,6315,221
11100,6014,222
11100,5714,221
11100,5414,221
11100,5113,222
11100,4813,221
11100,4511,222
11100,4211,222
11100,3911,220
11100,3611,221
11100,3310,223
11100,3010,224
11100,2710,225
11100,2408,226
11100,2107,229
11100,1806,228
11100,1506,230
11100,1206,229
11100,905,232
11100,605,233
11100,305,232
11100,3,232
11397,0,230
11400,297,230
11400,598,230
11400,898,229
11400,1198,229
11400,1499,229
11400,1800,227
11400,2101,227
11400,2401,226
11400,2701,225
11400,3001,224
11400,3302,223
11400,3602,222
11400,3904,221
11400,4204,221
11400,4504,221
11400,4805,222
11400,5105,222
11400,5405,221
11400,5705,222
11400,6007,220
11400,6307,220
11400,6608,220
11400,6908,220
11400,7208,218
11400,7509,219
11400,7809,220
11400,8110,223
11400,8411,226
11400,8711,227
11400,9011,226
11400,9312,225
11400,9612,225
11400,9912,225
11400,10214,226
11400,10514,226
11400,10814,226
11400,11115,228
11400,11415,229
11415,11700,228
11700,11684,226
11700,11383,227
11700,11081,226
11700,10781,225
11700,10481,226
11700,10180,225
11700,9880,225
11700,9580,226
11700,9279,227
11700,8978,228
11700,8678,226
11700,8377,226
11700,8077,222
11700,7777,219
11700,7476,218
11700,7176,218
11700,6875,220
11700,6574,220
11700,6274,220
11700,5974,220
11700,5673,221
11700,5373,221
11700,5073,221
11700,4771,221
11700,4471,221
11700,4171,219
11700,3870,222
11700,3570,221
11700,3270,223
11700,2969,224
11700,2668,225
11700,2367,227
11700,2067,228
11700,1767,228
11700,1467,229
11700,1166,229
11700,866,232
11700,564,231
11700,264,230
11736,0,230
12000,37,230
12000,337,230
12000,637,231
12000,937,230
12000,1239,231
12000,1539,228
12000,1840,228
12000,2140,226
12000,2440,225
12000,2741,224
12000,3041,223
12000,3342,223
12000,3643,222
12000,3943,220
12000,4243,220
12000,4544,219
12000,4844,219
12000,5144,221
12000,5446,220
12000,5747,219
12000,6048,221
12000,6348,221
12000,6648,220
12000,6949,220
12000,7249,219
12000,7549,220
12000,7851,220
12000,8151,223
12000,8451,223
12000,8752,226
12000,9052,228
12000,9352,228
12000,9653,226
12000,9954,225
12000,10254,225
12000,10555,225
12000,10855,225
12000,11155,225
12000,11456,225
12056,11700,227
12300,11643,226
12300,11342,223
12300,11042,225
12300,10742,226
12300,10441,225
12300,10141,225
12300,9841,225
12300,9539,226
12300,9239,226
12300,8939,225
12300,8638,225
12300,8338,223
12300,8038,222
12300,7737,219
12300,7436,219
12300,7135,219
12300,6835,220
12300,6535,220
12300,6234,221
12300,5934,222
12300,5634,220
12300,5332,218
12300,5032,219
12300,4732,218
12300,4431,219
12300,4131,220
12300,3831,221
12300,3531,222
12300,3229,222
12300,2927,223
12300,2627,223
12300,2327,225
12300,2027,226
12300,1726,227
12300,1426,230
12300,1126,230
12300,824,229
12300,524,230
12300,223,229
12377,0,232
12600,77,231
12600,377,232
12600,678,230
12600,979,230
12600,1280,229
12600,1580,229
12600,1880,227
12600,2181,226
12600,2481,223
12600,2781,223
12600,3083,222
12600,3383,221
12600,3683,221
12600,3984,220
12600,4284,219
12600,4584,218
12600,4885,218
12600,5186,219
12600,5486,217
12600,5787,220
12600,6087,221
12600,6387,221
12600,6688,221
12600,6988,220
12600,7290,219
12600,7590,220
12600,7890,223
12600,8190,223
12600,8491,226
12600,8791,225
12600,9091,227
12600,9393,227
12600,9693,227
12600,9993,226
12600,10294,225
12600,10594,226
12600,10894,226
12600,11195,226
12600,11496,225
12696,11700,225
12900,11603,224
12900,11303,227
12900,11003,226
12900,10702,227
12900,10402,227
12900,10100,228
12900,9799,225
12900,9499,225
12900,9198,226
12900,8898,224
12900,8598,226
12900,8297,222
12900,7997,222
12900,7695,220
12900,7395,220
12900,7095,219
12900,6795,222
12900,6494,219
12900,6194,221
12900,5894,218
12900,5592,218
12900,5292,219
12900,4991,219
12900,4691,218
12900,4391,219
12900,4091,219
12900,3790,220
12900,3489,222
12900,3188,221
12900,2888,223
12900,2588,224
12900,2287,225
12900,1987,228
12900,1687,230
12900,1385,232
12900,1085,232
12900,785,233
12900,484,234
12900,184,232
13016,0,233
13200,117,233
13200,418,233
13200,718,232
13200,1019,233
13200,1319,232
13200,1619,229
13200,1920,228
13200,2220,227
13200,2521,226
13200,2822,223
13200,3122,221
13200,3422,220
13200,3723,220
13200,4023,218
13200,4323,219
13200,4625,218
13200,4926,218
13200,5227,218
13200,5527,217
13200,5827,220
13200,6128,220
13200,6428,221
13200,6728,221
13200,7030,220
13200,7330,221
13200,7630,222
13200,7931,221
13200,8231,222
13200,8531,223
13200,8832,224
13200,9133,224
13200,9433,224
13200,9734,225
13200,10034,226
13200,10334,227
13200,10635,226
13200,10935,226
13200,11237,225
13200,11537,226
13337,11700,226
13500,11563,225
13500,11262,226
13500,10962,225
13500,10662,225
13500,10360,226
13500,10060,226
13500,9759,225
13500,9459,224
13500,9159,223
13500,8859,223
13500,8558,221
13500,8257,222
13500,7956,222
13500,7656,220
13500,7356,222
13500,7055,220
13500,6755,221
13500,6455,221
13500,6153,221
13500,5853,217
13500,5553,218
13500,5252,218
13500,4952,218
13500,4652,218
13500,4351,217
13500,4050,219
13500,3750,219
13500,3449,221
13500,3149,225
13500,2849,225
13500,2548,226
13500,2248,229
13500,1947,228
13500,1645,231
13500,1345,231
13500,1044,233
13500,744,233
13500,444,234
13500,143,234
13657,0,232
13800,158,232
13800,459,232
13800,759,232
13800,1059,231
13800,1360,232
13800,1660,229
13800,1960,228
13800,2262,228
13800,2562,227
13800,2862,225
13800,3163,222
13800,3463,222
13800,3763,217
13800,4064,217
13800,4365,218
13800,4665,217
13800,4966,218
13800,5266,218
13800,5566,219
13800,5867,220
13800,6167,221
13800,6469,222
13800,6769,220
13800,7069,222
13800,7369,222
13800,7670,223
13800,7970,223
13800,8270,224
13800,8572,224
13800,8872,224
13800,9173,225
13800,9473,222
13800,9773,223
13800,10073,225
13800,10374,225
13800,10675,225
13800,10976,226
13800,11276,226
13800,11576,224
