0,213,463
0,514,460
0,814,460
0,1114,459
0,1415,458
0,1716,455
0,2018,455
0,2318,448
0,2618,444
0,2919,439
0,3219,436
0,3519,436
0,3820,427
0,4121,427
0,4421,433
0,4722,441
0,5022,448
0,5322,454
0,5623,464
0,5923,467
0,6224,464
0,6525,462
0,6825,451
0,7125,447
0,7426,447
0,7726,441
0,8026,429
0,8328,419
0,8628,419
0,8928,422
0,9229,438
0,9529,462
0,9829,472
0,10130,475
0,10431,484
0,10732,483
0,11032,483
0,11332,482
0,11632,482
233,11700,482
300,11467,482
300,11165,478
300,10865,482
300,10565,482
300,10264,477
300,9964,474
300,9664,453
300,9363,431
300,9062,412
300,8762,404
300,8461,413
300,8161,423
300,7861,436
300,7560,442
300,7260,441
300,6959,446
300,6658,455
300,6358,463
300,6058,464
300,5757,460
300,5457,453
300,5157,447
300,4855,439
300,4554,431
300,4253,429
300,3953,431
300,3653,432
300,3352,432
300,3052,438
300,2752,444
300,2450,452
300,2150,457
300,1850,458
300,1549,460
300,1249,463
300,949,460
300,648,462
300,347,465
300,47,467
554,0,467
600,254,465
600,554,467
600,855,463
600,1155,460
600,1457,462
600,1757,459
600,2057,452
600,2357,444
600,2658,434
600,2958,427
600,3258,422
600,3560,416
600,3860,416
600,4161,419
600,4461,423
600,4761,428
600,5061,441
600,5362,451
600,5663,454
600,5964,458
600,6264,452
600,6564,436
600,6865,427
600,7165,421
600,7465,402
600,7767,398
600,8067,381
600,8367,370
600,8668,367
600,8968,375
600,9268,397
600,9569,438
600,9870,462
600,10172,473
600,10472,479
600,10772,482
600,11073,483
600,11373,482
600,11673,482
873,11700,480
900,11425,482
900,11125,478
900,10824,480
900,10524,475
900,10224,467
900,9923,451
900,9623,416
900,9322,373
900,9021,358
900,8721,346
900,8421,345
900,8120,358
900,7820,375
900,7520,392
900,7218,417
900,6918,422
900,6618,431
900,6317,443
900,6017,448
900,5717,452
900,5416,442
900,5115,427
900,4815,412
900,4514,414
900,4214,411
900,3914,408
900,3613,413
900,3313,416
900,3011,423
900,2711,434
900,2411,443
900,2111,452
900,1810,460
900,1510,464
900,1210,463
900,908,464
900,608,467
900,307,468
900,7,470
1193,0,468
1200,294,467
1200,594,467
1200,895,465
1200,1196,463
1200,1496,460
1200,1796,453
1200,2097,442
1200,2397,431
1200,2697,421
1200,2999,408
1200,3300,408
1200,3601,402
1200,3901,398
1200,4201,395
1200,4502,404
1200,4802,418
1200,5102,427
1200,5404,437
1200,5704,436
1200,6004,422
1200,6305,424
1200,6605,426
1200,6905,409
1200,7206,392
1200,7507,377
1200,7807,357
1200,8108,334
1200,8408,324
1200,8708,335
1200,9009,351
1200,9309,390
1200,9610,428
1200,9911,452
1200,10211,467
1200,10511,477
1200,10812,479
1200,11112,478
1200,11412,482
1214,11700,475
1500,11686,479
1500,11386,479
1500,11085,480
1500,10785,477
1500,10485,474
1500,10184,463
1500,9883,441
1500,9582,423
1500,9282,377
1500,8982,343
1500,8682,334
1500,8381,339
1500,8081,355
1500,7779,368
1500,7479,385
1500,7179,408
1500,6878,424
1500,6578,422
1500,6278,412
1500,5978,404
1500,5676,421
1500,5374,431
1500,5074,426
1500,4774,409
1500,4474,388
1500,4173,388
1500,3873,397
1500,3573,398
1500,3271,401
1500,2971,416
1500,2670,426
1500,2370,437
1500,2070,448
1500,1770,457
1500,1469,464
1500,1168,465
1500,867,470
1500,567,473
1500,267,470
1533,0,470
1800,34,472
1800,334,465
1800,636,468
1800,936,463
1800,1236,462
1800,1537,458
1800,1837,448
1800,2137,438
1800,2438,422
1800,2739,408
1800,3039,393
1800,3340,387
1800,3640,386
1800,3940,388
1800,4241,393
1800,4541,392
1800,4842,412
1800,5143,428
1800,5443,417
1800,5743,411
1800,6044,406
1800,6344,403
1800,6644,417
1800,6946,426
1800,7246,414
1800,7546,383
1800,7847,366
1800,8147,363
1800,8447,353
1800,8748,371
1800,9049,392
1800,9350,417
1800,9650,438
1800,9950,462
1800,10250,475
1800,10551,472
1800,10851,474
1800,11153,478
1800,11454,478
1854,11700,482
2100,11645,478
2100,11345,477
2100,11045,475
2100,10744,474
2100,10444,473
2100,10142,464
2100,9842,448
2100,9542,432
2100,9242,414
2100,8941,399
2100,8641,382
2100,8341,375
2100,8039,381
2100,7739,407
2100,7438,429
2100,7138,429
2100,6838,421
2100,6538,403
2100,6237,403
2100,5936,422
2100,5635,426
2100,5335,429
2100,5035,419
2100,4734,398
2100,4434,396
2100,4134,385
2100,3832,371
2100,3532,372
2100,3232,377
2100,2931,390
2100,2631,408
2100,2331,431
2100,2030,447
2100,1729,458
2100,1429,462
2100,1128,465
2100,828,469
2100,528,468
2100,227,475
2173,0,473
2400,74,470
2400,375,473
2400,675,467
2400,975,465
2400,1276,462
2400,1576,455
2400,1876,446
2400,2178,422
2400,2479,406
2400,2780,388
2400,3080,367
2400,3380,358
2400,3681,361
2400,3981,372
2400,4281,388
2400,4583,404
2400,4883,424
2400,5183,436
2400,5484,433
2400,5784,424
2400,6084,411
2400,6385,421
2400,6686,443
2400,6986,449
2400,7287,446
2400,7587,424
2400,7887,412
2400,8188,407
2400,8488,404
2400,8790,409
2400,9090,416
2400,9390,424
2400,9690,441
2400,9991,465
2400,10291,472
2400,10591,475
2400,10893,475
2400,11193,475
2400,11494,477
2494,11700,477
2700,11606,475
2700,11306,474
2700,11005,470
2700,10704,474
2700,10403,472
2700,10103,453
2700,9803,428
2700,9502,417
2700,9202,417
2700,8902,413
2700,8600,412
2700,8300,418
2700,8000,417
2700,7699,421
2700,7399,447
2700,7099,459
2700,6798,460
2700,6497,453
2700,6197,443
2700,5896,441
2700,5596,444
2700,5296,442
2700,4995,426
2700,4695,403
2700,4394,382
2700,4092,366
2700,3792,355
2700,3491,342
2700,3191,360
2700,2891,387
2700,2590,402
2700,2290,422
2700,1989,442
2700,1688,455
2700,1388,463
2700,1088,464
2700,787,468
2700,487,473
2700,187,475
2815,0,475
3000,115,472
3000,415,473
3000,716,469
3000,1016,462
3000,1316,455
3000,1617,449
3000,1918,434
3000,2218,412
3000,2519,388
3000,2819,361
3000,3119,337
3000,3420,332
3000,3720,343
3000,4022,358
3000,4322,381
3000,4622,407
3000,4922,426
3000,5223,443
3000,5523,454
3000,5823,458
3000,6125,460
3000,6425,463
3000,6726,462
3000,7026,457
3000,7326,442
3000,7626,433
3000,7927,424
3000,8228,408
3000,8529,416
3000,8829,423
3000,9129,421
3000,9430,418
3000,9730,408
3000,10030,419
3000,10332,457
3000,10633,472
3000,10934,473
3000,11234,474
3000,11534,472
3134,11700,475
3300,11565,472
3300,11265,473
3300,10963,473
3300,10663,465
3300,10363,422
3300,10062,398
3300,9762,407
3300,9462,417
3300,9162,419
3300,8860,427
3300,8560,421
3300,8259,417
3300,7959,434
3300,7659,442
3300,7358,442
3300,7058,460
3300,6757,463
3300,6456,465
3300,6156,459
3300,5856,457
3300,5555,451
3300,5255,438
3300,4955,421
3300,4653,392
3300,4353,363
3300,4053,346
3300,3752,337
3300,3452,332
3300,3152,330
3300,2851,353
3300,2550,387
3300,2250,417
3300,1949,434
3300,1649,449
3300,1349,457
3300,1048,463
3300,748,465
3300,446,470
3300,146,472
3454,0,475
3600,154,472
3600,455,468
3600,755,464
3600,1055,460
3600,1357,446
3600,1657,431
3600,1958,416
3600,2258,390
3600,2558,367
3600,2858,346
3600,3159,329
3600,3460,329
3600,3762,335
3600,4062,341
3600,4362,365
3600,4663,395
3600,4963,419
3600,5263,444
3600,5564,453
3600,5865,459
3600,6166,464
3600,6466,464
3600,6766,464
3600,7066,457
3600,7367,439
3600,7667,432
3600,7969,426
3600,8269,428
3600,8569,437
3600,8870,439
3600,9170,422
3600,9470,404
3600,9770,407
3600,10072,414
3600,10372,422
3600,10673,468
3600,10973,474
3600,11273,475
3600,11574,477
3774,11700,473
3900,11525,475
3900,11224,474
3900,10924,475
3900,10624,443
3900,10323,431
3900,10023,414
3900,9723,403
3900,9421,431
3900,9121,442
3900,8821,444
3900,8520,438
3900,8220,426
3900,7920,417
3900,7619,432
3900,7318,449
3900,7018,463
3900,6717,465
3900,6417,465
3900,6117,460
3900,5816,454
3900,5516,442
3900,5214,423
3900,4913,392
3900,4613,357
3900,4312,332
3900,4012,324
3900,3712,324
3900,3411,326
3900,3111,347
3900,2810,363
3900,2509,386
3900,2209,407
3900,1909,421
3900,1608,434
3900,1308,448
3900,1008,458
3900,706,463
3900,406,468
3900,106,472
4095,0,473
4200,195,470
4200,495,467
4200,796,455
4200,1097,448
4200,1398,429
4200,1698,418
4200,1998,409
4200,2298,395
4200,2599,376
4200,2899,356
4200,3201,340
4200,3501,324
4200,3801,314
4200,4102,316
4200,4402,337
4200,4702,368
4200,5002,406
4200,5304,436
4200,5604,453
4200,5905,462
4200,6205,465
4200,6505,467
4200,6806,465
4200,7106,452
4200,7407,426
4200,7708,399
4200,8008,398
4200,8308,418
4200,8609,438
4200,8909,444
4200,9209,451
4200,9511,441
4200,9811,431
4200,10111,434
4200,10412,444
4200,10712,446
4200,11012,449
4200,11313,451
4200,11614,474
4415,11700,472
4500,11484,469
4500,11184,457
4500,10883,452
4500,10583,452
4500,10283,449
4500,9982,446
4500,9681,432
4500,9381,411
4500,9080,393
4500,8780,401
4500,8480,418
4500,8179,448
4500,7879,462
4500,7578,465
4500,7277,467
4500,6977,463
4500,6677,454
4500,6376,437
4500,6076,403
4500,5776,366
4500,5474,329
4500,5174,315
4500,4874,319
4500,4573,327
4500,4273,347
4500,3973,363
4500,3672,378
4500,3371,393
4500,3070,411
4500,2770,422
4500,2470,429
4500,2170,443
4500,1869,453
4500,1569,462
4500,1267,465
4500,967,468
4500,667,472
4500,366,469
4500,66,472
4734,0,470
4800,234,469
4800,536,465
4800,836,464
4800,1137,452
4800,1437,441
4800,1737,433
4800,2038,424
4800,2338,409
4800,2639,395
4800,2941,387
4800,3241,375
4800,3542,357
4800,3842,337
4800,4142,324
4800,4442,310
4800,4743,320
4800,5044,357
4800,5345,401
4800,5645,437
4800,5945,458
4800,6246,465
4800,6546,468
4800,6846,467
4800,7148,460
4800,7448,446
4800,7748,431
4800,8049,418
4800,8349,396
4800,8649,404
4800,8950,423
4800,9251,437
4800,9551,446
4800,9852,455
4800,10152,462
4800,10452,460
4800,10753,472
4800,11053,474
4800,11354,474
4800,11655,477
5055,11700,477
5100,11445,475
5100,11144,474
5100,10844,473
5100,10544,463
5100,10242,464
5100,9942,460
5100,9642,446
5100,9341,436
5100,9041,427
5100,8741,418
5100,8440,401
5100,8139,417
5100,7838,429
5100,7538,451
5100,7238,465
5100,6938,468
5100,6637,467
5100,6337,462
5100,6035,453
5100,5735,434
5100,5435,398
5100,5134,353
5100,4834,330
5100,4534,317
5100,4234,327
5100,3932,351
5100,3630,373
5100,3330,390
5100,3030,398
5100,2730,406
5100,2429,414
5100,2129,428
5100,1829,437
5100,1527,444
5100,1227,455
5100,926,464
5100,626,469
5100,326,468
5100,26,473
5375,0,472
5400,276,468
5400,577,467
5400,877,462
5400,1177,457
5400,1478,444
5400,1778,432
5400,2078,424
5400,2380,416
5400,2680,411
5400,2980,404
5400,3281,392
5400,3581,377
5400,3881,352
5400,4182,334
5400,4483,340
5400,4783,362
5400,5084,393
5400,5384,429
5400,5684,448
5400,5985,460
5400,6285,465
5400,6586,464
5400,6887,468
5400,7187,462
5400,7487,446
5400,7788,424
5400,8088,412
5400,8388,417
5400,8690,423
5400,8990,433
5400,9290,441
5400,9591,449
5400,9891,458
5400,10191,460
5400,10492,468
5400,10793,479
5400,11095,479
5400,11395,480
5400,11695,477
5695,11700,477
5700,11404,480
5700,11104,478
5700,10803,478
5700,10502,472
5700,10202,463
5700,9901,453
5700,9601,448
5700,9301,441
5700,9000,431
5700,8700,422
5700,8398,423
5700,8098,422
5700,7798,432
5700,7498,448
5700,7197,459
5700,6897,464
5700,6597,465
5700,6295,464
5700,5995,457
5700,5694,444
5700,5394,427
5700,5094,395
5700,4794,367
5700,4493,353
5700,4192,355
5700,3891,365
5700,3591,387
5700,3291,398
5700,2990,397
5700,2690,407
5700,2390,421
5700,2088,432
5700,1788,446
5700,1488,458
5700,1187,460
5700,887,465
5700,587,470
5700,286,472
5715,0,469
6000,15,469
6000,316,469
6000,616,468
6000,916,465
6000,1217,458
6000,1517,453
6000,1818,441
6000,2119,423
6000,2419,399
6000,2719,393
6000,3020,390
6000,3320,387
6000,3620,378
6000,3922,377
6000,4223,377
6000,4524,378
6000,4824,393
6000,5124,424
6000,5425,446
6000,5725,454
6000,6025,462
6000,6327,460
6000,6627,462
6000,6927,457
6000,7228,444
6000,7528,427
6000,7828,416
6000,8129,416
6000,8430,413
6000,8730,413
6000,9031,431
6000,9331,444
6000,9631,457
6000,9932,470
6000,10232,474
6000,10534,477
6000,10834,482
6000,11134,482
6000,11434,480
6035,11700,480
6300,11665,485
6300,11365,480
6300,11063,482
6300,10763,480
6300,10462,478
6300,10162,474
6300,9862,467
6300,9562,453
6300,9261,433
6300,8960,414
6300,8659,404
6300,8359,404
6300,8059,399
6300,7758,408
6300,7458,423
6300,7158,443
6300,6856,454
6300,6556,462
6300,6256,464
6300,5955,459
6300,5655,451
6300,5355,443
6300,5054,419
6300,4753,387
6300,4451,386
6300,4151,383
6300,3851,383
6300,3550,385
6300,3250,390
6300,2950,403
6300,2650,412
6300,2348,419
6300,2048,437
6300,1747,453
6300,1447,458
6300,1147,468
6300,846,467
6300,546,469
6300,245,470
6355,0,468
6600,56,468
6600,356,469
6600,657,467
6600,957,467
6600,1257,464
6600,1559,459
6600,1859,448
6600,2159,432
6600,2460,424
6600,2760,414
6600,3060,402
6600,3361,401
6600,3662,388
6600,3962,378
6600,4263,382
6600,4563,403
6600,4863,436
6600,5164,448
6600,5464,457
6600,5766,462
6600,6066,459
6600,6366,455
6600,6666,452
6600,6967,441
6600,7267,424
6600,7567,403
6600,7869,390
6600,8169,390
6600,8470,391
6600,8770,402
6600,9070,428
6600,9370,451
6600,9671,465
6600,9972,474
6600,10273,480
6600,10573,482
6600,10873,482
6600,11174,480
6600,11474,480
6674,11700,483
6900,11624,483
6900,11323,479
6900,11022,480
6900,10722,482
6900,10422,477
6900,10122,474
6900,9821,464
6900,9521,449
6900,9219,428
6900,8919,403
6900,8619,377
6900,8318,376
6900,8018,385
6900,7718,402
6900,7418,422
6900,7116,437
6900,6816,443
6900,6515,453
6900,6215,459
6900,5915,462
6900,5614,459
6900,5314,455
6900,5013,449
6900,4712,422
6900,4412,396
6900,4112,411
6900,3811,401
6900,3511,418
6900,3211,413
6900,2909,416
6900,2609,423
6900,2309,436
6900,2008,449
6900,1708,459
6900,1408,462
6900,1107,467
6900,806,469
6900,506,473
6900,205,472
6995,0,474
7200,95,473
7200,396,473
7200,696,469
7200,998,467
7200,1298,465
7200,1598,460
7200,1898,453
7200,2199,447
7200,2499,438
7200,2799,433
7200,3101,437
7200,3402,439
7200,3703,431
7200,4003,426
7200,4303,431
7200,4604,453
7200,4904,458
7200,5204,462
7200,5506,462
7200,5806,458
7200,6106,451
7200,6407,447
7200,6707,436
7200,7007,426
7200,7308,412
7200,7609,392
7200,7910,366
7200,8210,348
7200,8510,360
7200,8810,393
7200,9111,418
7200,9411,444
7200,9713,460
7200,10013,472
7200,10313,480
7200,10614,482
7200,10914,482
7200,11214,485
7200,11514,482
7316,11700,485
7500,11584,483
7500,11283,480
7500,10983,480
7500,10683,483
7500,10382,474
7500,10082,467
7500,9781,451
7500,9480,427
7500,9180,399
7500,8880,370
7500,8579,341
7500,8279,335
7500,7979,348
7500,7677,381
7500,7377,399
7500,7077,418
7500,6776,433
7500,6476,441
7500,6176,444
7500,5875,451
7500,5574,457
7500,5274,462
7500,4973,462
7500,4673,459
7500,4373,453
7500,4072,448
7500,3772,448
7500,3470,446
7500,3169,446
7500,2869,444
7500,2568,443
7500,2268,448
7500,1968,451
7500,1667,458
7500,1367,462
7500,1066,467
7500,765,469
7500,465,472
7500,165,470
7635,0,475
7800,136,474
7800,436,475
7800,738,472
7800,1038,468
7800,1338,464
7800,1639,458
7800,1939,448
7800,2239,436
7800,2540,437
7800,2841,439
7800,3142,447
7800,3442,449
7800,3742,454
7800,4042,457
7800,4343,460
7800,4643,462
7800,4945,460
7800,5245,457
7800,5545,447
7800,5846,431
7800,6146,426
7800,6446,424
7800,6746,419
7800,7048,411
7800,7348,397
7800,7649,360
7800,7949,322
7800,8249,326
7800,8550,340
7800,8850,366
7800,9151,395
7800,9452,422
7800,9752,451
7800,10052,467
7800,10353,475
7800,10653,479
7800,10953,478
7800,11255,484
7800,11556,483
7956,11700,483
8100,11543,482
8100,11243,478
8100,10942,475
8100,10642,478
8100,10342,473
8100,10040,460
8100,9740,439
8100,9440,412
8100,9139,378
8100,8839,343
8100,8539,319
8100,8238,312
8100,7937,346
8100,7637,380
8100,7336,401
8100,7036,408
8100,6736,406
8100,6435,406
8100,6135,416
8100,5834,431
8100,5533,449
8100,5233,459
8100,4933,460
8100,4632,462
8100,4332,458
8100,4032,454
8100,3730,452
8100,3430,446
8100,3130,438
8100,2829,433
8100,2529,428
8100,2229,443
8100,1928,449
8100,1627,460
8100,1326,467
8100,1026,469
8100,726,473
8100,426,477
8100,125,477
8275,0,478
8400,177,475
8400,477,474
8400,777,475
8400,1078,470
8400,1378,463
8400,1678,451
8400,1978,439
8400,2280,438
8400,2580,433
8400,2881,431
8400,3181,438
8400,3481,451
8400,3782,453
8400,4082,451
8400,4383,449
8400,4685,457
8400,4985,454
8400,5286,448
8400,5586,436
8400,5886,423
8400,6186,396
8400,6487,380
8400,6788,383
8400,7089,386
8400,7389,375
8400,7689,358
8400,7990,327
8400,8290,314
8400,8590,332
8400,8892,370
8400,9192,408
8400,9492,437
8400,9793,457
8400,10093,470
8400,10393,473
8400,10694,478
8400,10995,478
8400,11295,482
8400,11596,485
8596,11700,482
8700,11504,480
8700,11203,480
8700,10903,478
8700,10602,477
8700,10301,472
8700,10001,467
8700,9701,452
8700,9400,426
8700,9100,386
8700,8800,341
8700,8498,329
8700,8198,334
8700,7898,341
8700,7597,352
8700,7297,360
8700,6997,362
8700,6696,380
8700,6395,388
8700,6094,411
8700,5794,429
8700,5494,443
8700,5194,453
8700,4893,451
8700,4593,439
8700,4291,441
8700,3990,443
8700,3690,444
8700,3389,441
8700,3089,429
8700,2789,419
8700,2488,433
8700,2188,438
8700,1886,449
8700,1586,460
8700,1286,468
8700,986,472
8700,685,472
8700,385,478
8700,85,477
8917,0,477
9000,217,477
9000,518,475
9000,818,475
9000,1118,467
9000,1418,464
9000,1719,457
9000,2020,442
9000,2321,427
9000,2621,423
9000,2921,427
9000,3222,423
9000,3522,427
9000,3822,421
9000,4124,419
9000,4424,432
9000,4724,439
9000,5025,448
9000,5325,451
9000,5625,442
9000,5926,411
9000,6227,388
9000,6527,368
9000,6828,340
9000,7128,339
9000,7428,346
9000,7729,337
9000,8029,336
9000,8330,345
9000,8631,348
9000,8931,395
9000,9231,432
9000,9532,454
9000,9832,464
9000,10132,469
9000,10434,475
9000,10734,475
9000,11034,479
9000,11335,478
9000,11635,480
9235,11700,482
9300,11464,480
9300,11163,478
9300,10861,477
9300,10561,472
9300,10261,469
9300,9960,467
9300,9660,455
9300,9360,441
9300,9059,403
9300,8758,366
9300,8458,360
9300,8157,343
9300,7857,332
9300,7557,319
9300,7256,310
9300,6956,317
9300,6654,355
9300,6354,397
9300,6054,424
9300,5754,444
9300,5453,447
9300,5153,439
9300,4853,433
9300,4551,432
9300,4251,422
9300,3950,411
9300,3650,413
9300,3350,412
9300,3050,424
9300,2749,432
9300,2448,431
9300,2147,442
9300,1847,455
9300,1547,468
9300,1246,468
9300,946,473
9300,646,478
9300,344,479
9300,44,477
9556,0,478
9600,257,480
9600,557,475
9600,857,475
9600,1158,477
9600,1459,475
9600,1759,474
9600,2060,478
9600,2360,482
9600,2660,477
9600,2961,477
9600,3261,478
9600,3562,474
9600,3864,474
9600,4164,477
9600,4465,474
9600,4765,478
9600,5065,478
9600,5366,473
9600,5666,478
9600,5967,475
9600,6268,478
9600,6568,475
9600,6868,477
9600,7169,477
9600,7469,477
9600,7769,477
9600,8071,475
9600,8371,474
9600,8671,475
9600,8972,475
9600,9272,475
9600,9572,475
9600,9873,477
9600,10174,479
9600,10474,475
9600,10775,478
9600,11075,479
9600,11375,478
9600,11676,477
9876,11700,475
9900,11422,478
9900,11122,480
9900,10822,477
9900,10522,480
9900,10221,480
9900,9921,477
9900,9621,478
9900,9319,477
9900,9019,477
9900,8718,480
9900,8418,480
9900,8118,475
9900,7818,480
9900,7517,479
9900,7216,478
9900,6915,477
9900,6615,477
9900,6315,480
9900,6014,477
9900,5714,478
9900,5414,480
9900,5112,479
9900,4812,479
9900,4512,477
9900,4211,478
9900,3911,480
9900,3611,478
9900,3310,480
9900,3009,477
9900,2707,480
9900,2407,475
9900,2107,479
9900,1806,478
9900,1506,480
9900,1206,475
9900,906,479
9900,604,480
9900,304,475
9900,3,479
10197,0,482
10200,297,478
10200,598,479
10200,898,472
10200,1199,474
10200,1500,467
10200,1800,465
10200,2100,457
10200,2401,432
10200,2701,412
10200,3001,397
10200,3303,392
10200,3603,388
10200,3903,382
10200,4204,390
10200,4504,407
10200,4804,418
10200,5105,436
10200,5406,449
10200,5706,453
10200,6007,443
10200,6307,432
10200,6607,396
10200,6908,350
10200,7208,317
10200,7510,311
10200,7810,334
10200,8110,366
10200,8410,403
10200,8711,424
10200,9011,441
10200,9311,451
10200,9613,458
10200,9913,462
10200,10214,467
10200,10514,472
10200,10814,474
10200,11114,474
10200,11415,478
10216,11700,482
10500,11682,480
10500,11382,478
10500,11082,474
10500,10781,474
10500,10481,470
10500,10181,462
10500,9880,462
10500,9579,457
10500,9278,451
10500,8978,436
10500,8678,419
10500,8378,395
10500,8077,362
10500,7777,330
10500,7475,320
10500,7175,342
10500,6875,387
10500,6574,424
10500,6274,446
10500,5974,451
10500,5674,454
10500,5372,452
10500,5072,436
10500,4771,417
10500,4471,386
10500,4171,365
10500,3870,373
10500,3570,388
10500,3269,388
10500,2968,401
10500,2668,416
10500,2368,444
10500,2067,459
10500,1767,467
10500,1467,473
10500,1165,474
10500,865,478
10500,565,479
10500,264,478
10536,0,480
10800,36,479
10800,337,482
10800,638,480
10800,938,479
10800,1239,470
10800,1539,467
10800,1839,453
10800,2140,434
10800,2440,429
10800,2742,417
10800,3042,392
10800,3342,376
10800,3642,381
10800,3943,387
10800,4243,393
10800,4543,434
10800,4845,447
10800,5146,454
10800,5447,454
10800,5747,452
10800,6047,443
10800,6348,427
10800,6648,401
10800,6948,376
10800,7250,352
10800,7550,342
10800,7850,361
10800,8151,393
10800,8451,417
10800,8751,433
10800,9052,449
10800,9353,457
10800,9654,463
10800,9954,465
10800,10254,470
10800,10554,477
10800,10855,479
10800,11155,479
10800,11457,477
10857,11700,480
11100,11643,484
11100,11342,477
11100,11042,480
11100,10742,477
11100,10442,475
11100,10140,467
11100,9840,463
11100,9539,455
11100,9239,439
11100,8939,417
11100,8638,402
11100,8338,386
11100,8037,356
11100,7736,348
11100,7436,348
11100,7136,358
11100,6835,398
11100,6535,426
11100,6235,442
11100,5933,449
11100,5633,457
11100,5333,457
11100,5032,454
11100,4732,447
11100,4432,429
11100,4131,409
11100,3830,398
11100,3528,390
11100,3228,398
11100,2928,411
11100,2627,426
11100,2327,439
11100,2027,457
11100,1726,467
11100,1425,472
11100,1125,474
11100,824,480
11100,524,484
11100,224,485
11176,0,480
11400,77,483
11400,378,478
11400,679,479
11400,979,475
11400,1279,472
11400,1580,467
11400,1880,460
11400,2180,444
11400,2482,432
11400,2782,423
11400,3082,422
11400,3383,409
11400,3683,411
11400,3983,427
11400,4284,439
11400,4585,453
11400,4886,453
11400,5186,458
11400,5486,455
11400,5786,451
11400,6087,444
11400,6387,429
11400,6689,407
11400,6989,367
11400,7289,340
11400,7590,337
11400,7890,340
11400,8190,362
11400,8490,377
11400,8792,399
11400,9092,423
11400,9393,443
11400,9693,465
11400,9993,473
11400,10294,477
11400,10594,480
11400,10895,483
11400,11196,478
11400,11496,482
11496,11700,483
11700,11603,478
11700,11303,477
11700,11003,479
11700,10701,478
11700,10400,478
11700,10099,473
11700,9799,463
11700,9499,431
11700,9198,406
11700,8898,380
11700,8598,348
11700,8296,326
11700,7996,314
11700,7696,326
11700,7395,339
11700,7095,368
11700,6795,407
11700,6494,433
11700,6193,444
11700,5893,453
11700,5592,457
11700,5292,459
11700,4992,457
11700,4691,457
11700,4391,447
11700,4090,437
11700,3789,424
11700,3489,427
11700,3189,432
11700,2888,436
11700,2588,438
11700,2288,454
11700,1986,463
11700,1686,469
11700,1386,473
11700,1085,479
11700,785,479
11700,485,482
11700,184,483
11817,0,482
12000,118,482
12000,418,482
12000,718,484
12000,1018,474
12000,1319,474
12000,1619,473
12000,1921,467
12000,2221,459
12000,2521,446
12000,2822,436
12000,3122,434
12000,3422,431
12000,3722,438
12000,4024,443
12000,4326,448
12000,4626,455
12000,4926,460
12000,5226,462
12000,5527,462
12000,5827,451
12000,6127,446
12000,6429,429
12000,6729,398
12000,7030,355
12000,7330,326
12000,7630,299
12000,7930,287
12000,8231,294
12000,8532,326
12000,8833,368
12000,9133,395
12000,9433,433
12000,9734,467
12000,10034,472
12000,10334,478
12000,10636,482
12000,10936,482
12000,11236,479
12000,11537,483
12137,11700,480
12300,11563,482
12300,11262,484
12300,10961,482
12300,10661,484
12300,10360,484
12300,10060,474
12300,9760,459
12300,9459,426
12300,9159,385
12300,8858,351
12300,8557,299
12300,8257,294
12300,7957,299
12300,7656,295
12300,7356,329
12300,7056,372
12300,6754,399
12300,6454,434
12300,6154,449
12300,5853,459
12300,5553,460
12300,5253,464
12300,4952,463
12300,4651,455
12300,4350,451
12300,4050,444
12300,3750,438
12300,3450,426
12300,3149,433
12300,2849,443
12300,2547,454
12300,2246,462
12300,1946,468
12300,1645,470
12300,1345,475
12300,1045,478
12300,744,480
12300,444,483
12300,142,487
12458,0,484
12600,158,484
12600,458,488
12600,759,480
12600,1059,478
12600,1359,475
12600,1661,470
12600,1961,469
12600,2262,465
12600,2562,459
12600,2862,449
12600,3162,439
12600,3463,428
12600,3764,428
12600,4065,442
12600,4365,452
12600,4665,459
12600,4966,463
12600,5266,464
12600,5566,462
12600,5868,457
12600,6168,448
12600,6468,426
12600,6769,390
12600,7069,360
12600,7369,324
12600,7670,300
12600,7971,310
12600,8271,305
12600,8572,312
12600,8872,365
12600,9172,397
12600,9473,439
12600,9773,468
12600,10075,483
12600,10375,480
12600,10675,482
12600,10975,487
12600,11276,483
12600,11576,482
12776,11700,482
12900,11522,484
12900,11221,484
12900,10920,484
12900,10620,480
12900,10320,483
12900,10019,477
12900,9719,465
12900,9419,429
12900,9117,397
12900,8817,370
12900,8517,342
12900,8216,325
12900,7916,317
12900,7616,326
12900,7315,326
12900,7014,373
12900,6714,408
12900,6413,433
12900,6113,452
12900,5813,463
12900,5512,465
12900,5212,464
12900,4910,464
12900,4610,459
12900,4310,437
12900,4010,390
12900,3709,392
12900,3409,427
12900,3109,449
12900,2807,454
12900,2507,467
12900,2206,472
12900,1906,473
12900,1606,474
12900,1306,479
12900,1005,482
12900,704,484
12900,403,484
12900,103,483
13097,0,485
13200,198,485
13200,498,485
13200,798,480
13200,1100,478
13200,1400,479
13200,1700,475
13200,2001,472
13200,2301,473
13200,2601,464
13200,2902,457
13200,3203,433
13200,3503,372
13200,3804,371
13200,4104,375
13200,4404,454
13200,4705,465
13200,5005,470
13200,5306,465
13200,5608,464
13200,5908,458
13200,6209,437
13200,6509,412
13200,6809,392
13200,7110,358
13200,7410,360
13200,7711,347
13200,8012,357
13200,8312,376
13200,8612,397
13200,8913,418
13200,9213,437
13200,9513,454
13200,9815,472
13200,10115,483
13200,10415,483
13200,10716,482
13200,11016,483
13200,11316,479
13200,11617,480
13418,11700,479
13500,11482,479
13500,11181,478
13500,10881,480
13500,10581,482
13500,10280,482
13500,9980,472
13500,9678,455
13500,9378,449
13500,9078,436
13500,8778,431
13500,8477,412
13500,8177,397
13500,7877,373
13500,7575,380
13500,7275,375
13500,6974,388
13500,6674,413
13500,6374,428
13500,6074,452
13500,5773,465
13500,5472,469
13500,5171,473
13500,4871,469
13500,4571,464
13500,4270,402
13500,3970,382
13500,3670,375
13500,3368,432
13500,3067,459
13500,2766,469
13500,2466,469
13500,2166,472
13500,1866,474
13500,1565,474
13500,1265,482
13500,963,477
13500,663,483
13500,363,488
13500,62,487
13738,0,483
13800,238,484
13800,538,480
13800,840,482
13800,1140,479
13800,1441,474
13800,1741,475
13800,2041,474
13800,2342,472
13800,2642,470
13800,2943,465
13800,3244,459
13800,3544,429
13800,3844,407
13800,4145,423
13800,4445,465
13800,4745,469
13800,5047,468
13800,5347,473
13800,5647,465
13800,5948,455
13800,6248,441
13800,6548,432
13800,6849,406
13800,7150,383
13800,7450,398
13800,7751,407
13800,8051,422
13800,8351,426
13800,8652,434
13800,8952,444
13800,9254,448
13800,9554,452
13800,9854,462
13800,10154,477
13800,10455,479
13800,10755,480
13800,11055,478
13800,11357,474
13800,11657,470
