0,246,230
0,546,231
0,846,231
0,1147,229
0,1447,227
0,1748,227
0,2049,223
0,2349,224
0,2649,224
0,2950,225
0,3250,227
0,3550,227
0,3852,225
0,4152,224
0,4452,222
0,4753,221
0,5053,222
0,5353,220
0,5654,223
0,5955,223
0,6255,224
0,6556,225
0,6856,226
0,7156,226
0,7457,227
0,7757,227
0,8059,227
0,8359,226
0,8659,225
0,8959,224
0,9260,224
0,9560,225
0,9860,225
0,10162,226
0,10462,226
0,10763,226
0,11063,226
0,11363,227
0,11663,230
264,11700,226
300,11435,227
300,11133,224
300,10833,225
300,10532,227
300,10232,225
300,9932,225
300,9632,225
300,9331,223
300,9030,224
300,8729,224
300,8429,225
300,8129,227
300,7828,226
300,7528,226
300,7228,225
300,6926,225
300,6626,224
300,6326,224
300,6025,223
300,5725,221
300,5425,221
300,5124,221
300,4823,222
300,4523,224
300,4222,225
300,3922,226
300,3622,227
300,3321,228
300,3021,224
300,2720,225
300,2419,226
300,2119,227
300,1819,228
300,1518,229
300,1218,231
300,918,231
300,616,232
300,316,230
300,16,230
585,0,230
600,285,231
600,585,233
600,886,229
600,1187,231
600,1488,229
600,1788,228
600,2088,226
600,2388,225
600,2689,224
600,2989,226
600,3291,227
600,3591,227
600,3891,224
600,4192,223
600,4492,223
600,4792,221
600,5092,220
600,5394,222
600,5696,221
600,5996,221
600,6296,221
600,6596,224
600,6897,224
600,7197,223
600,7497,224
600,7799,224
600,8099,226
600,8400,225
600,8700,223
600,9000,222
600,9300,223
600,9601,223
600,9902,225
600,10203,226
600,10503,225
600,10803,225
600,11104,226
600,11404,226
604,11700,227
900,11694,227
900,11394,225
900,11094,225
900,10793,224
900,10493,226
900,10193,224
900,9892,224
900,9591,222
900,9291,222
900,8990,222
900,8690,224
900,8390,225
900,8089,225
900,7789,223
900,7488,222
900,7187,222
900,6887,221
900,6587,220
900,6286,221
900,5986,221
900,5686,221
900,5384,220
900,5084,220
900,4784,220
900,4483,223
900,4183,224
900,3883,226
900,3582,226
900,3281,225
900,2979,226
900,2679,225
900,2379,225
900,2078,227
900,1778,227
900,1478,228
900,1177,230
900,876,230
900,576,230
900,275,231
925,0,231
1200,25,229
1200,326,230
1200,626,229
1200,928,228
1200,1228,227
1200,1528,226
1200,1829,226
1200,2129,226
1200,2429,225
1200,2729,224
1200,3031,225
1200,3331,225
1200,3632,224
1200,3932,223
1200,4232,222
1200,4533,222
1200,4833,221
1200,5134,219
1200,5435,220
1200,5735,220
1200,6035,221
1200,6336,220
1200,6636,220
1200,6936,221
1200,7238,222
1200,7538,222
1200,7838,223
1200,8139,224
1200,8439,224
1200,8739,225
1200,9040,223
1200,9341,224
1200,9641,223
1200,9942,224
1200,10242,226
1200,10542,223
1200,10843,226
1200,11143,226
1200,11445,226
1245,11700,227
1500,11655,228
1500,11355,227
1500,11054,225
1500,10754,224
1500,10454,222
1500,10152,224
1500,9851,223
1500,9550,223
1500,9250,223
1500,8950,225
1500,8649,224
1500,8349,223
1500,8049,225
1500,7747,222
1500,7447,221
1500,7147,221
1500,6846,221
1500,6546,222
1500,6246,220
1500,5945,221
1500,5644,220
1500,5343,221
1500,5043,222
1500,4743,223
1500,4443,222
1500,4142,223
1500,3842,222
1500,3540,223
1500,3240,223
1500,2940,224
1500,2639,225
1500,2339,225
1500,2039,225
1500,1739,225
1500,1437,226
1500,1137,228
1500,836,229
1500,536,230
1500,236,230
1564,0,230
1800,65,229
1800,366,228
1800,667,229
1800,967,228
1800,1267,227
1800,1568,225
1800,1868,226
1800,2168,225
1800,2470,226
1800,2770,225
1800,3070,224
1800,3371,224
1800,3671,223
1800,3971,223
1800,4272,223
1800,4573,223
1800,4875,221
1800,5175,220
1800,5475,221
1800,5776,221
1800,6076,221
1800,6376,221
1800,6677,221
1800,6978,220
1800,7278,223
1800,7579,224
1800,7879,225
1800,8179,225
1800,8480,225
1800,8780,224
1800,9081,225
1800,9382,223
1800,9682,223
1800,9982,224
1800,10283,223
1800,10583,221
1800,10883,222
1800,11185,226
1800,11485,226
1885,11700,226
2100,11614,226
2100,11314,223
2100,11014,222
2100,10713,223
2100,10412,223
2100,10111,223
2100,9811,224
2100,9511,224
2100,9211,224
2100,8910,225
2100,8610,227
2100,8308,227
2100,8008,226
2100,7708,226
2100,7407,227
2100,7107,223
2100,6807,222
2100,6507,222
2100,6205,221
2100,5905,221
2100,5604,221
2100,5304,221
2100,5004,221
2100,4703,224
2100,4403,224
2100,4102,223
2100,3801,222
2100,3501,224
2100,3201,225
2100,2900,225
2100,2600,225
2100,2300,225
2100,1998,225
2100,1697,226
2100,1396,225
2100,1096,228
2100,796,227
2100,495,228
2100,195,228
2205,0,228
2400,107,226
2400,407,227
2400,707,226
2400,1008,226
2400,1308,227
2400,1608,224
2400,1909,224
2400,2210,224
2400,2510,225
2400,2811,224
2400,3111,222
2400,3411,222
2400,3712,223
2400,4012,222
2400,4313,221
2400,4614,222
2400,4914,222
2400,5214,223
2400,5515,223
2400,5815,223
2400,6115,224
2400,6417,224
2400,6717,224
2400,7017,224
2400,7318,224
2400,7618,228
2400,7918,229
2400,8219,228
2400,8520,226
2400,8821,226
2400,9121,226
2400,9421,224
2400,9721,223
2400,10022,225
2400,10322,222
2400,10624,222
2400,10924,221
2400,11224,222
2400,11525,224
2525,11700,226
2700,11575,222
2700,11275,222
2700,10973,220
2700,10671,222
2700,10371,222
2700,10071,224
2700,9771,225
2700,9470,226
2700,9170,227
2700,8870,227
2700,8568,227
2700,8268,228
2700,7967,228
2700,7667,226
2700,7367,224
2700,7067,222
2700,6766,224
2700,6465,224
2700,6164,223
2700,5864,223
2700,5564,223
2700,5263,223
2700,4963,223
2700,4663,223
2700,4361,221
2700,4061,222
2700,3761,222
2700,3460,221
2700,3160,223
2700,2860,223
2700,2559,222
2700,2258,221
2700,1958,222
2700,1657,223
2700,1357,225
2700,1057,226
2700,756,225
2700,456,226
2700,155,226
2846,0,225
3000,146,226
3000,446,225
3000,747,225
3000,1047,224
3000,1347,223
3000,1649,222
3000,1949,221
3000,2249,221
3000,2550,220
3000,2850,222
3000,3150,222
3000,3451,223
3000,3752,222
3000,4053,222
3000,4353,222
3000,4653,223
3000,4953,225
3000,5254,224
3000,5554,224
3000,5856,225
3000,6157,226
3000,6457,224
3000,6758,223
3000,7058,223
3000,7358,225
3000,7659,225
3000,7959,227
3000,8261,227
3000,8561,227
3000,8861,227
3000,9161,226
3000,9462,227
3000,9762,225
3000,10062,223
3000,10364,223
3000,10664,223
3000,10965,224
3000,11265,224
3000,11565,226
3165,11700,226
3300,11534,226
3300,11233,224
3300,10932,223
3300,10632,222
3300,10332,226
3300,10031,224
3300,9731,225
3300,9431,225
3300,9129,226
3300,8829,227
3300,8529,228
3300,8228,229
3300,7928,226
3300,7628,227
3300,7327,225
3300,7026,224
3300,6726,224
3300,6425,225
3300,6125,225
3300,5825,226
3300,5524,227
3300,5224,226
3300,4923,226
3300,4622,226
3300,4322,223
3300,4022,223
3300,3721,222
3300,3421,219
3300,3121,220
3300,2819,220
3300,2518,222
3300,2217,220
3300,1917,222
3300,1617,225
3300,1316,225
3300,1016,224
3300,716,226
3300,414,225
3300,114,227
3486,0,227
3600,187,226
3600,487,226
3600,787,226
3600,1088,227
3600,1389,225
3600,1689,223
3600,1990,220
3600,2290,220
3600,2590,220
3600,2891,218
3600,3191,219
3600,3493,220
3600,3793,221
3600,4093,222
3600,4393,226
3600,4694,227
3600,4994,228
3600,5294,229
3600,5596,228
3600,5896,227
3600,6197,227
3600,6497,225
3600,6797,224
3600,7097,225
3600,7398,226
3600,7699,227
3600,8000,228
3600,8300,230
3600,8600,230
3600,8901,228
3600,9201,226
3600,9501,225
3600,9803,226
3600,10103,225
3600,10403,226
3600,10704,224
3600,11004,225
3600,11304,226
3600,11605,227
3806,11700,227
3900,11494,226
3900,11193,227
3900,10893,225
3900,10593,227
3900,10292,227
3900,9992,228
3900,9691,227
3900,9389,226
3900,9089,229
3900,8788,229
3900,8488,229
3900,8188,229
3900,7887,227
3900,7587,227
3900,7286,225
3900,6985,225
3900,6685,225
3900,6385,228
3900,6084,230
3900,5784,231
3900,5484,231
3900,5182,231
3900,4882,229
3900,4582,226
3900,4281,223
3900,3981,220
3900,3681,219
3900,3380,219
3900,3079,219
3900,2779,220
3900,2478,221
3900,2178,222
3900,1878,223
3900,1577,225
3900,1277,226
3900,975,227
3900,675,226
3900,375,226
3900,75,226
4126,0,227
4200,226,227
4200,526,228
4200,828,227
4200,1128,227
4200,1429,224
4200,1729,224
4200,2029,222
4200,2329,221
4200,2630,219
4200,2931,219
4200,3232,218
4200,3532,222
4200,3832,220
4200,4133,223
4200,4433,225
4200,4733,229
4200,5035,231
4200,5336,232
4200,5637,230
4200,5937,232
4200,6237,230
4200,6537,226
4200,6838,226
4200,7138,226
4200,7440,229
4200,7740,229
4200,8040,228
4200,8341,230
4200,8641,229
4200,8941,229
4200,9241,227
4200,9543,228
4200,9843,228
4200,10144,228
4200,10444,228
4200,10744,228
4200,11045,227
4200,11345,228
4200,11646,229
4446,11700,228
4500,11453,228
4500,11153,228
4500,10852,229
4500,10552,230
4500,10252,228
4500,9950,228
4500,9650,228
4500,9350,228
4500,9049,227
4500,8749,228
4500,8449,229
4500,8148,229
4500,7847,228
4500,7547,228
4500,7246,228
4500,6946,227
4500,6646,229
4500,6345,231
4500,6045,230
4500,5743,233
4500,5443,232
4500,5143,230
4500,4843,228
4500,4542,225
4500,4242,222
4500,3942,221
4500,3640,220
4500,3340,217
4500,3039,219
4500,2739,220
4500,2439,222
4500,2139,224
4500,1838,225
4500,1537,226
4500,1235,227
4500,935,227
4500,635,228
4500,334,228
4500,34,229
4766,0,230
4800,267,229
4800,568,229
4800,869,228
4800,1169,228
4800,1469,226
4800,1769,224
4800,2070,223
4800,2370,222
4800,2672,219
4800,2972,219
4800,3272,219
4800,3573,220
4800,3873,220
4800,4173,221
4800,4473,223
4800,4775,226
4800,5075,229
4800,5376,231
4800,5676,232
4800,5976,231
4800,6277,231
4800,6577,230
4800,6878,228
4800,7179,228
4800,7479,227
4800,7779,228
4800,8080,229
4800,8380,229
4800,8680,229
4800,8982,229
4800,9282,227
4800,9582,229
4800,9883,227
4800,10183,227
4800,10483,229
4800,10784,229
4800,11085,229
4800,11385,230
4800,11686,229
5086,11700,229
5100,11414,231
5100,11113,230
5100,10813,228
5100,10511,230
5100,10210,228
5100,9910,229
5100,9609,229
5100,9309,228
5100,9009,229
5100,8708,229
5100,8408,230
5100,8107,229
5100,7806,228
5100,7506,230
5100,7206,230
5100,6905,231
5100,6605,231
5100,6305,231
5100,6003,231
5100,5703,231
5100,5403,229
5100,5102,226
5100,4802,224
5100,4502,223
5100,4201,219
5100,3900,220
5100,3599,220
5100,3299,219
5100,2999,219
5100,2699,220
5100,2398,221
5100,2098,223
5100,1796,223
5100,1496,228
5100,1196,230
5100,895,230
5100,595,230
5100,295,232
5105,0,233
5400,7,231
5400,307,231
5400,608,232
5400,908,230
5400,1208,227
5400,1509,224
5400,1809,224
5400,2110,222
5400,2411,221
5400,2711,219
5400,3011,219
5400,3312,217
5400,3612,219
5400,3912,221
5400,4214,219
5400,4514,222
5400,4814,224
5400,5115,227
5400,5415,228
5400,5715,229
5400,6016,230
5400,6317,232
5400,6619,231
5400,6919,230
5400,7219,229
5400,7520,229
5400,7820,230
5400,8120,228
5400,8421,229
5400,8722,229
5400,9022,228
5400,9323,228
5400,9623,229
5400,9923,229
5400,10224,230
5400,10524,230
5400,10825,232
5400,11126,231
5400,11426,232
5426,11700,232
5700,11673,231
5700,11373,231
5700,11073,231
5700,10771,231
5700,10471,231
5700,10171,229
5700,9870,229
5700,9570,229
5700,9270,229
5700,8969,229
5700,8668,229
5700,8367,228
5700,8067,228
5700,7767,230
5700,7467,229
5700,7166,229
5700,6866,231
5700,6564,232
5700,6264,230
5700,5964,228
5700,5663,225
5700,5363,225
5700,5063,224
5700,4763,222
5700,4461,221
5700,4161,219
5700,3860,220
5700,3560,219
5700,3260,220
5700,2959,220
5700,2659,220
5700,2358,221
5700,2056,222
5700,1756,225
5700,1455,226
5700,1155,228
5700,855,230
5700,555,231
5700,254,230
5747,0,231
6000,48,230
6000,348,232
6000,648,229
6000,949,227
6000,1249,226
6000,1549,224
6000,1851,223
6000,2151,222
6000,2451,220
6000,2752,221
6000,3052,218
6000,3352,219
6000,3653,220
6000,3954,221
6000,4254,220
6000,4555,222
6000,4855,222
6000,5155,223
6000,5456,224
6000,5756,226
6000,6057,226
6000,6358,229
6000,6658,230
6000,6958,229
6000,7259,232
6000,7559,229
6000,7859,228
6000,8161,228
6000,8461,229
6000,8761,229
6000,9062,229
6000,9362,230
6000,9662,231
6000,9963,230
6000,10264,230
6000,10565,231
6000,10865,230
6000,11165,230
6000,11465,230
6066,11700,231
6300,11634,232
6300,11332,231
6300,11032,231
6300,10732,230
6300,10431,230
6300,10131,229
6300,9831,229
6300,9531,230
6300,9229,230
6300,8927,230
6300,8627,230
6300,8327,230
6300,8027,229
6300,7726,230
6300,7426,230
6300,7126,228
6300,6824,227
6300,6524,227
6300,6223,226
6300,5923,224
6300,5623,223
6300,5323,223
6300,5022,223
6300,4721,221
6300,4420,220
6300,4120,219
6300,3820,219
6300,3519,217
6300,3219,218
6300,2919,219
6300,2617,220
6300,2317,221
6300,2017,223
6300,1716,224
6300,1416,228
6300,1116,226
6300,815,229
6300,514,229
6300,214,229
6386,0,229
6600,87,231
6600,387,230
6600,688,228
6600,988,227
6600,1289,227
6600,1590,226
6600,1890,222
6600,2190,222
6600,2491,218
6600,2791,218
6600,3091,217
6600,3393,218
6600,3693,218
6600,3993,218
6600,4294,221
6600,4594,221
6600,4894,222
6600,5195,221
6600,5496,222
6600,5798,223
6600,6098,224
6600,6398,224
6600,6699,226
6600,6999,229
6600,7299,228
6600,7600,229
6600,7901,231
6600,8201,231
6600,8502,230
6600,8802,231
6600,9102,230
6600,9403,229
6600,9703,229
6600,10005,229
6600,10305,229
6600,10605,230
6600,10905,229
6600,11206,231
6600,11506,231
6706,11700,232
6900,11592,231
6900,11292,231
6900,10991,230
6900,10691,228
6900,10391,230
6900,10091,230
6900,9790,230
6900,9489,229
6900,9188,230
6900,8888,230
6900,8588,230
6900,8287,231
6900,7987,229
6900,7687,230
6900,7385,227
6900,7085,226
6900,6785,224
6900,6484,222
6900,6184,222
6900,5884,221
6900,5583,222
6900,5282,221
6900,4982,222
6900,4681,220
6900,4381,220
6900,4081,218
6900,3780,219
6900,3480,217
6900,3179,218
6900,2878,220
6900,2578,220
6900,2278,223
6900,1977,225
6900,1677,226
6900,1377,227
6900,1075,228
6900,774,228
6900,473,229
6900,173,231
7027,0,231
7200,128,230
7200,428,229
7200,728,229
7200,1030,228
7200,1330,227
7200,1630,226
7200,1931,226
7200,2231,223
7200,2531,220
7200,2832,219
7200,3133,219
7200,3433,219
7200,3734,220
7200,4034,220
7200,4334,222
7200,4635,219
7200,4935,221
7200,5237,220
7200,5537,222
7200,5837,220
7200,6137,223
7200,6438,225
7200,6738,226
7200,7038,225
7200,7340,227
7200,7640,229
7200,7941,230
7200,8241,229
7200,8541,230
7200,8841,229
7200,9142,230
7200,9443,229
7200,9744,228
7200,10044,227
7200,10344,228
7200,10645,230
7200,10945,228
7200,11245,230
7200,11547,231
7347,11700,231
7500,11553,231
7500,11252,229
7500,10952,227
7500,10652,228
7500,10351,226
7500,10050,228
7500,9748,228
7500,9448,229
7500,9148,229
7500,8847,229
7500,8547,229
7500,8247,230
7500,7947,229
7500,7645,228
7500,7345,226
7500,7044,225
7500,6744,224
7500,6444,224
7500,6143,222
7500,5843,221
7500,5542,221
7500,5241,222
7500,4941,221
7500,4641,220
7500,4340,220
7500,4040,220
7500,3740,221
7500,3438,219
7500,3138,220
7500,2838,221
7500,2537,223
7500,2237,222
7500,1937,225
7500,1636,227
7500,1335,228
7500,1035,229
7500,734,229
7500,434,230
7500,134,231
7666,0,230
7800,167,230
7800,469,229
7800,769,228
7800,1069,228
7800,1369,228
7800,1670,226
7800,1970,222
7800,2270,222
7800,2572,221
7800,2872,219
7800,3173,221
7800,3473,220
7800,3773,218
7800,4073,219
7800,4374,219
7800,4675,221
7800,4976,221
7800,5276,221
7800,5576,224
7800,5877,223
7800,6177,222
7800,6477,222
7800,6779,225
7800,7080,224
7800,7381,225
7800,7681,228
7800,7981,228
7800,8281,228
7800,8582,229
7800,8882,228
7800,9184,228
7800,9484,227
7800,9784,228
7800,10085,227
7800,10385,227
7800,10685,227
7800,10985,227
7800,11287,230
7800,11587,231
7987,11700,230
8100,11512,228
8100,11212,227
8100,10911,226
8100,10611,225
8100,10310,227
8100,10009,227
8100,9709,226
8100,9409,227
8100,9108,227
8100,8808,226
8100,8508,228
8100,8206,228
8100,7906,228
8100,7606,226
8100,7305,225
8100,7005,224
8100,6705,224
8100,6404,223
8100,6103,223
8100,5803,223
8100,5502,223
8100,5202,223
8100,4902,222
8100,4601,222
8100,4301,220
8100,3999,220
8100,3699,218
8100,3399,221
8100,3099,219
8100,2798,221
8100,2498,221
8100,2198,222
8100,1896,223
8100,1595,227
8100,1294,229
8100,994,229
8100,694,230
8100,393,229
8100,93,229
8307,0,229
8400,209,229
8400,509,228
8400,809,228
8400,1110,227
8400,1410,226
8400,1710,224
8400,2011,223
8400,2312,220
8400,2613,221
8400,2913,220
8400,3213,219
8400,3513,219
8400,3814,219
8400,4114,221
8400,4416,221
8400,4716,221
8400,5016,224
8400,5317,223
8400,5617,224
8400,5917,224
8400,6217,224
8400,6519,225
8400,6819,223
8400,7120,222
8400,7420,224
8400,7720,227
8400,8021,226
8400,8321,229
8400,8622,227
8400,8923,226
8400,9223,227
8400,9523,226
8400,9824,226
8400,10124,224
8400,10424,228
8400,10726,227
8400,11026,227
8400,11326,226
8400,11627,226
8627,11700,226
8700,11473,224
8700,11172,225
8700,10871,224
8700,10571,226
8700,10270,225
8700,9970,225
8700,9670,226
8700,9369,227
8700,9069,226
8700,8767,227
8700,8466,227
8700,8166,226
8700,7865,227
8700,7565,224
8700,7265,223
8700,6964,224
8700,6664,224
8700,6363,225
8700,6062,223
8700,5762,223
8700,5462,224
8700,5161,225
8700,4861,222
8700,4561,221
8700,4259,220
8700,3959,219
8700,3659,219
8700,3358,220
8700,3058,221
8700,2758,221
8700,2457,221
8700,2156,222
8700,1855,224
8700,1555,227
8700,1255,226
8700,955,228
8700,654,227
8700,354,226
8700,52,226
8948,0,225
9000,248,224
9000,549,227
9000,849,228
9000,1149,226
9000,1449,224
9000,1751,223
9000,2051,223
9000,2352,220
9000,2652,221
9000,2952,219
9000,3253,220
9000,3553,221
9000,3854,221
9000,4155,222
9000,4455,222
9000,4755,223
9000,5056,224
9000,5356,221
9000,5656,223
9000,5958,222
9000,6259,224
9000,6560,224
9000,6860,222
9000,7160,223
9000,7461,223
9000,7761,224
9000,8061,225
9000,8363,224
9000,8663,225
9000,8963,223
9000,9264,225
9000,9564,225
9000,9864,224
9000,10165,222
9000,10466,223
9000,10766,222
9000,11067,223
9000,11367,224
9000,11667,222
9267,11700,225
9300,11432,222
9300,11131,221
9300,10830,224
9300,10530,223
9300,10230,223
9300,9929,223
9300,9629,224
9300,9329,225
9300,9027,224
9300,8727,224
9300,8427,223
9300,8126,223
9300,7826,222
9300,7526,223
9300,7225,223
9300,6924,223
9300,6623,222
9300,6323,222
9300,6023,223
9300,5723,222
9300,5422,222
9300,5122,223
9300,4820,222
9300,4520,223
9300,4220,222
9300,3919,221
9300,3619,221
9300,3319,219
9300,3019,219
9300,2717,220
9300,2417,222
9300,2116,223
9300,1816,225
9300,1516,226
9300,1215,226
9300,915,226
9300,614,225
9300,312,225
9300,12,224
9588,0,223
9600,289,223
9600,589,224
9600,889,225
9600,1190,225
9600,1491,225
9600,1792,223
9600,2092,223
9600,2392,221
9600,2693,219
9600,2993,220
9600,3293,221
9600,3595,221
9600,3895,222
9600,4195,221
9600,4496,222
9600,4796,223
9600,5096,223
9600,5397,223
9600,5698,222
9600,5998,221
9600,6299,221
9600,6599,221
9600,6899,220
9600,7200,221
9600,7500,221
9600,7801,220
9600,8102,223
9600,8402,223
9600,8702,224
9600,9003,223
9600,9303,224
9600,9603,222
9600,9905,221
9600,10205,221
9600,10505,222
9600,10806,221
9600,11106,221
9600,11406,222
9606,11700,222
9900,11692,222
9900,11391,220
9900,11091,221
9900,10791,220
9900,10491,219
9900,10190,222
9900,9890,222
9900,9588,224
9900,9287,224
9900,8987,223
9900,8686,222
9900,8386,222
9900,8086,221
9900,7785,220
9900,7485,219
9900,7183,220
9900,6883,221
9900,6583,219
9900,6283,219
9900,5982,221
9900,5682,222
9900,5382,223
9900,5080,223
9900,4780,224
9900,4479,222
9900,4179,222
9900,3879,220
9900,3579,219
9900,3278,219
9900,2977,219
9900,2676,220
9900,2376,221
9900,2076,225
9900,1775,225
9900,1475,224
9900,1175,224
9900,873,226
9900,573,225
9900,273,223
9927,0,223
10200,28,223
10200,328,223
10200,629,225
10200,930,226
10200,1230,227
10200,1531,225
10200,1831,224
10200,2131,224
10200,2432,222
10200,2732,222
10200,3033,220
10200,3334,222
10200,3634,220
10200,3934,222
10200,4235,222
10200,4535,222
10200,4835,221
10200,5137,224
10200,5437,224
10200,5737,222
10200,6038,221
10200,6338,220
10200,6638,219
10200,6939,219
10200,7240,221
10200,7542,221
10200,7842,220
10200,8142,220
10200,8443,222
10200,8743,221
10200,9043,222
10200,9344,222
10200,9645,221
10200,9945,221
10200,10246,221
10200,10546,221
10200,10846,221
10200,11147,222
10200,11447,223
10248,11700,223
10500,11651,223
10500,11351,221
10500,11051,221
10500,10750,220
10500,10450,220
10500,10150,220
10500,9848,220
10500,9548,220
10500,9247,220
10500,8947,220
10500,8647,220
10500,8347,219
10500,8046,219
10500,7745,221
10500,7444,221
10500,7144,221
10500,6844,219
10500,6543,219
10500,6243,221
10500,5943,221
10500,5641,223
10500,5341,222
10500,5041,223
10500,4740,223
10500,4440,221
10500,4140,220
10500,3839,222
10500,3538,221
10500,3238,220
10500,2937,220
10500,2637,222
10500,2337,222
10500,2036,225
10500,1736,224
10500,1435,226
10500,1133,226
10500,833,224
10500,532,224
10500,232,223
10568,0,223
10800,69,224
10800,369,225
10800,670,225
10800,971,225
10800,1271,225
10800,1571,224
10800,1872,223
10800,2172,224
10800,2472,222
10800,2774,221
10800,3074,219
10800,3374,220
10800,3675,221
10800,3975,221
10800,4275,221
10800,4576,223
10800,4877,223
10800,5177,222
10800,5478,224
10800,5778,223
10800,6078,220
10800,6379,218
10800,6679,222
10800,6981,222
10800,7281,223
10800,7581,221
10800,7881,219
10800,8182,219
10800,8482,218
10800,8782,220
10800,9084,218
10800,9384,219
10800,9685,219
10800,9985,218
10800,10285,220
10800,10585,221
10800,10886,220
10800,11187,222
10800,11488,222
10888,11700,221
11100,11612,224
11100,11311,221
11100,11011,220
11100,10711,221
11100,10409,219
11100,10109,219
11100,9809,219
11100,9508,217
11100,9208,218
11100,8908,220
11100,8607,218
11100,8306,220
11100,8004,219
11100,7704,222
11100,7404,223
11100,7103,222
11100,6803,219
11100,6503,221
11100,6203,221
11100,5901,223
11100,5601,223
11100,5300,223
11100,5000,224
11100,4700,223
11100,4399,221
11100,4099,220
11100,3798,221
11100,3497,222
11100,3197,220
11100,2897,221
11100,2596,221
11100,2296,222
11100,1996,222
11100,1694,222
11100,1394,226
11100,1094,225
11100,793,225
11100,493,226
11100,193,223
11207,0,224
11400,109,225
11400,409,224
11400,710,226
11400,1010,225
11400,1310,224
11400,1611,223
11400,1911,223
11400,2213,222
11400,2513,222
11400,2813,223
11400,3113,222
11400,3414,222
11400,3714,221
11400,4014,223
11400,4316,224
11400,4616,225
11400,4917,224
11400,5217,223
11400,5517,223
11400,5817,224
11400,6118,223
11400,6419,222
11400,6721,222
11400,7021,222
11400,7321,222
11400,7622,219
11400,7922,217
11400,8222,217
11400,8523,218
11400,8824,217
11400,9125,216
11400,9425,217
11400,9725,218
11400,10025,220
11400,10326,220
11400,10626,218
11400,10928,222
11400,11228,222
11400,11528,222
11528,11700,222
11700,11571,222
11700,11271,222
11700,10971,221
11700,10669,220
11700,10369,219
11700,10068,218
11700,9768,219
11700,9468,218
11700,9167,216
11700,8867,217
11700,8566,218
11700,8265,220
11700,7965,219
11700,7665,220
11700,7364,222
11700,7064,222
11700,6764,222
11700,6462,224
11700,6162,224
11700,5862,225
11700,5561,225
11700,5261,225
11700,4961,224
11700,4660,223
11700,4359,223
11700,4059,223
11700,3758,223
11700,3458,223
11700,3158,222
11700,2857,221
11700,2557,222
11700,2255,223
11700,1955,223
11700,1655,222
11700,1355,223
11700,1054,224
11700,754,224
11700,454,224
11700,152,223
11849,0,224
12000,150,222
12000,450,223
12000,750,226
12000,1051,223
12000,1351,223
12000,1651,222
12000,1953,222
12000,2253,222
12000,2553,222
12000,2854,222
12000,3154,223
12000,3454,222
12000,3755,222
12000,4056,223
12000,4357,222
12000,4657,223
12000,4957,224
12000,5257,225
12000,5558,225
12000,5858,225
12000,6160,224
12000,6460,224
12000,6760,224
12000,7061,224
12000,7361,222
12000,7661,220
12000,7961,219
12000,8263,218
12000,8563,218
12000,8864,219
12000,9164,218
12000,9464,219
12000,9765,218
12000,10065,219
12000,10366,219
12000,10667,218
12000,10967,220
12000,11267,219
12000,11568,221
12168,11700,220
12300,11532,219
12300,11230,218
12300,10930,218
12300,10630,217
12300,10329,219
12300,10029,220
12300,9729,221
12300,9428,220
12300,9127,222
12300,8825,220
12300,8525,221
12300,8225,220
12300,7924,220
12300,7624,221
12300,7324,224
12300,7023,226
12300,6722,226
12300,6422,227
12300,6121,227
12300,5821,226
12300,5521,226
12300,5220,225
12300,4920,224
12300,4619,223
12300,4318,223
12300,4018,225
12300,3718,226
12300,3417,224
12300,3117,221
12300,2817,220
12300,2515,220
12300,2215,221
12300,1915,221
12300,1614,222
12300,1314,221
12300,1014,222
12300,713,223
12300,412,222
12300,111,222
12489,0,222
12600,189,223
12600,489,222
12600,790,222
12600,1090,223
12600,1392,221
12600,1692,221
12600,1992,220
12600,2293,219
12600,2593,218
12600,2893,220
12600,3193,222
12600,3495,225
12600,3795,224
12600,4096,223
12600,4396,223
12600,4696,224
12600,4997,224
12600,5297,224
12600,5598,226
12600,5899,225
12600,6199,226
12600,6499,225
12600,6800,226
12600,7100,224
12600,7400,223
12600,7702,221
12600,8003,222
12600,8304,220
12600,8604,221
12600,8904,222
12600,9205,223
12600,9505,223
12600,9805,221
12600,10107,220
12600,10407,220
12600,10707,217
12600,11008,217
12600,11308,219
12600,11608,222
12808,11700,221
12900,11490,220
12900,11190,218
12900,10889,219
12900,10589,219
12900,10289,221
12900,9988,222
12900,9688,222
12900,9387,222
12900,9086,221
12900,8786,221
12900,8486,221
12900,8185,220
12900,7885,221
12900,7585,222
12900,7283,225
12900,6983,224
12900,6683,225
12900,6382,225
12900,6082,226
12900,5782,225
12900,5481,223
12900,5180,225
12900,4879,221
12900,4579,225
12900,4279,225
12900,3979,225
12900,3678,225
12900,3378,221
12900,3076,220
12900,2776,217
12900,2476,217
12900,2175,218
12900,1875,220
12900,1575,221
12900,1275,222
12900,973,224
12900,671,224
12900,371,224
12900,71,225
13129,0,225
13200,230,225
13200,530,224
13200,830,223
13200,1132,223
13200,1432,222
13200,1733,219
13200,2033,218
13200,2333,218
13200,2633,217
13200,2934,219
13200,3235,220
13200,3536,222
13200,3836,224
13200,4136,224
13200,4437,223
13200,4737,223
13200,5037,222
13200,5339,225
13200,5639,225
13200,5939,224
13200,6240,224
13200,6540,225
13200,6840,224
13200,7141,223
13200,7442,223
13200,7742,223
13200,8043,221
13200,8343,222
13200,8643,220
13200,8944,221
13200,9244,221
13200,9545,222
13200,9846,220
13200,10146,219
13200,10446,218
13200,10747,218
13200,11047,219
13200,11347,221
13200,11649,221
13449,11700,220
13500,11451,219
13500,11150,219
13500,10850,217
13500,10550,218
13500,10249,220
13500,9948,220
13500,9647,223
13500,9347,222
13500,9047,222
13500,8747,221
13500,8446,223
13500,8146,221
13500,7844,223
13500,7543,223
13500,7243,224
13500,6942,222
13500,6642,224
13500,6342,225
13500,6041,225
13500,5741,225
13500,5439,224
13500,5139,224
13500,4839,223
13500,4539,223
13500,4238,223
13500,3938,225
13500,3638,221
13500,3336,219
13500,3036,217
13500,2735,218
13500,2435,217
13500,2135,218
13500,1835,220
13500,1534,222
13500,1233,224
13500,932,224
13500,632,225
13500,332,225
13500,31,226
13769,0,225
13800,269,226
13800,571,223
13800,871,224
13800,1171,222
13800,1472,221
13800,1772,220
13800,2072,218
13800,2373,217
13800,2674,217
13800,2974,218
13800,3275,220
13800,3575,222
13800,3875,224
13800,4176,222
13800,4476,224
13800,4777,224
13800,5078,225
13800,5378,226
13800,5678,226
13800,5979,224
13800,6279,222
13800,6579,222
13800,6881,224
13800,7182,224
13800,7483,224
13800,7783,223
13800,8083,222
13800,8384,223
13800,8684,223
13800,8984,223
13800,9286,223
13800,9586,221
13800,9886,219
13800,10187,216
13800,10487,217
13800,10787,217
13800,11088,218
13800,11389,219
13800,11689,220
