0,104,224
0,405,223
0,705,222
0,1005,219
0,1306,215
0,1606,212
0,1906,214
0,2208,217
0,2508,221
0,2808,222
0,3109,222
0,3409,222
0,3709,221
0,4010,220
0,4311,223
0,4612,223
0,4912,224
0,5212,222
0,5512,223
0,5813,222
0,6113,222
0,6415,220
0,6715,222
0,7015,222
0,7316,223
0,7616,228
0,7916,229
0,8216,232
0,8518,234
0,8818,236
0,9119,237
0,9419,238
0,9719,238
0,10020,238
0,10320,237
0,10621,239
0,10922,237
0,11222,237
0,11522,238
123,11700,237
300,11577,236
300,11277,237
300,10975,237
300,10675,237
300,10375,237
300,10074,236
300,9774,237
300,9474,236
300,9173,233
300,8872,232
300,8570,230
300,8270,227
300,7970,224
300,7669,223
300,7369,222
300,7069,222
300,6768,221
300,6467,221
300,6167,222
300,5866,224
300,5566,223
300,5266,222
300,4965,223
300,4665,222
300,4363,222
300,4063,223
300,3763,223
300,3463,222
300,3162,221
300,2862,219
300,2562,215
300,2260,213
300,1960,212
300,1659,214
300,1359,220
300,1059,222
300,759,223
300,458,225
300,157,226
443,0,225
600,144,224
600,444,222
600,745,223
600,1045,218
600,1345,213
600,1647,212
600,1947,214
600,2247,214
600,2548,218
600,2848,222
600,3148,223
600,3449,225
600,3750,225
600,4050,223
600,4351,223
600,4651,223
600,4951,223
600,5252,223
600,5552,222
600,5853,222
600,6154,221
600,6454,221
600,6754,222
600,7055,222
600,7355,223
600,7655,224
600,7957,227
600,8258,228
600,8559,231
600,8859,233
600,9159,233
600,9460,234
600,9760,236
600,10060,235
600,10362,235
600,10662,234
600,10962,235
600,11263,232
600,11563,235
763,11700,234
900,11536,233
900,11235,233
900,10935,234
900,10634,234
900,10334,235
900,10034,235
900,9733,235
900,9433,236
900,9131,231
900,8831,231
900,8531,229
900,8231,227
900,7930,225
900,7630,224
900,7330,222
900,7028,223
900,6728,222
900,6427,223
900,6127,222
900,5827,222
900,5527,223
900,5226,224
900,4925,223
900,4624,224
900,4324,222
900,4024,223
900,3723,224
900,3423,224
900,3123,223
900,2821,222
900,2521,217
900,2221,215
900,1920,214
900,1620,214
900,1320,216
900,1019,221
900,718,224
900,416,225
900,116,225
1084,0,225
1200,185,226
1200,485,225
1200,785,220
1200,1086,219
1200,1387,218
1200,1687,218
1200,1988,219
1200,2288,223
1200,2588,225
1200,2889,226
1200,3189,225
1200,3490,225
1200,3791,225
1200,4091,224
1200,4391,226
1200,4692,223
1200,4992,223
1200,5292,222
1200,5594,223
1200,5894,221
1200,6194,222
1200,6495,222
1200,6795,223
1200,7095,223
1200,7396,224
1200,7697,225
1200,7998,225
1200,8298,227
1200,8598,230
1200,8898,232
1200,9199,234
1200,9499,235
1200,9801,236
1200,10101,235
1200,10401,236
1200,10702,236
1200,11002,236
1200,11302,234
1200,11602,233
1404,11700,233
1500,11496,233
1500,11195,233
1500,10895,235
1500,10595,235
1500,10294,234
1500,9994,234
1500,9693,234
1500,9392,234
1500,9092,231
1500,8792,229
1500,8491,228
1500,8191,226
1500,7891,224
1500,7589,223
1500,7288,223
1500,6987,222
1500,6687,223
1500,6387,220
1500,6086,221
1500,5786,222
1500,5486,221
1500,5184,223
1500,4884,223
1500,4584,224
1500,4283,227
1500,3983,225
1500,3683,227
1500,3382,226
1500,3081,228
1500,2781,227
1500,2480,226
1500,2180,226
1500,1880,220
1500,1579,223
1500,1279,223
1500,978,222
1500,677,223
1500,377,225
1500,77,226
1723,0,225
1800,224,224
1800,524,223
1800,826,224
1800,1126,223
1800,1426,222
1800,1727,225
1800,2027,228
1800,2327,231
1800,2628,230
1800,2929,229
1800,3230,230
1800,3530,228
1800,3830,227
1800,4130,226
1800,4431,226
1800,4731,225
1800,5033,223
1800,5333,222
1800,5633,223
1800,5934,221
1800,6234,222
1800,6534,220
1800,6834,221
1800,7136,221
1800,7438,223
1800,7738,225
1800,8038,224
1800,8338,228
1800,8639,231
1800,8939,231
1800,9239,233
1800,9541,235
1800,9841,235
1800,10142,235
1800,10442,235
1800,10742,235
1800,11042,234
1800,11343,235
1800,11644,234
2044,11700,234
2100,11455,234
2100,11155,233
2100,10854,234
2100,10554,235
2100,10254,236
2100,9952,233
2100,9652,233
2100,9352,231
2100,9051,230
2100,8751,230
2100,8451,225
2100,8150,225
2100,7849,224
2100,7549,222
2100,7248,221
2100,6948,218
2100,6648,220
2100,6347,222
2100,6047,222
2100,5746,223
2100,5445,224
2100,5145,225
2100,4845,225
2100,4544,227
2100,4244,227
2100,3944,230
2100,3642,230
2100,3342,232
2100,3042,232
2100,2741,232
2100,2441,230
2100,2141,229
2100,1840,226
2100,1539,223
2100,1238,222
2100,938,224
2100,638,223
2100,338,224
2100,37,221
2363,0,222
2400,265,222
2400,566,223
2400,866,224
2400,1167,222
2400,1467,225
2400,1767,226
2400,2068,230
2400,2368,232
2400,2670,232
2400,2970,232
2400,3270,232
2400,3570,232
2400,3871,231
2400,4171,228
2400,4471,228
2400,4773,228
2400,5073,226
2400,5374,226
2400,5674,225
2400,5974,223
2400,6274,222
2400,6575,220
2400,6876,216
2400,7177,217
2400,7477,219
2400,7777,220
2400,8078,224
2400,8378,225
2400,8678,228
2400,8980,230
2400,9280,232
2400,9580,234
2400,9881,236
2400,10181,235
2400,10481,235
2400,10782,236
2400,11083,234
2400,11383,234
2400,11684,234
2684,11700,235
2700,11416,236
2700,11115,236
2700,10815,236
2700,10514,236
2700,10213,236
2700,9913,234
2700,9613,233
2700,9312,230
2700,9012,229
2700,8712,225
2700,8410,223
2700,8109,219
2700,7808,216
2700,7508,214
2700,7208,212
2700,6907,217
2700,6607,219
2700,6307,222
2700,6005,226
2700,5705,226
2700,5405,227
2700,5104,226
2700,4804,227
2700,4504,229
2700,4203,230
2700,3902,230
2700,3602,231
2700,3301,231
2700,3001,234
2700,2701,234
2700,2400,233
2700,2100,230
2700,1798,226
2700,1498,224
2700,1198,223
2700,898,223
2700,597,223
2700,297,223
2703,0,222
3000,5,222
3000,305,222
3000,606,222
3000,906,222
3000,1206,224
3000,1506,226
3000,1807,228
3000,2108,229
3000,2409,232
3000,2709,233
3000,3009,230
3000,3310,230
3000,3610,231
3000,3910,231
3000,4212,231
3000,4512,229
3000,4812,228
3000,5113,227
3000,5413,227
3000,5713,228
3000,6014,223
3000,6315,220
3000,6615,215
3000,6916,212
3000,7216,210
3000,7516,209
3000,7817,213
3000,8117,218
3000,8418,222
3000,8720,224
3000,9020,228
3000,9321,231
3000,9621,232
3000,9921,234
3000,10222,236
3000,10522,236
3000,10823,235
3000,11124,233
3000,11424,234
3024,11700,234
3300,11675,235
3300,11375,235
3300,11075,234
3300,10773,236
3300,10473,236
3300,10173,234
3300,9872,234
3300,9572,233
3300,9272,230
3300,8971,226
3300,8670,222
3300,8370,219
3300,8069,214
3300,7769,207
3300,7469,206
3300,7168,208
3300,6868,211
3300,6566,215
3300,6266,219
3300,5966,224
3300,5666,226
3300,5365,228
3300,5065,228
3300,4765,229
3300,4463,229
3300,4163,229
3300,3862,229
3300,3562,231
3300,3262,230
3300,2962,230
3300,2661,232
3300,2360,231
3300,2059,230
3300,1759,227
3300,1459,226
3300,1158,224
3300,858,224
3300,558,222
3300,256,223
3345,0,225
3600,46,225
3600,346,224
3600,646,224
3600,946,226
3600,1247,226
3600,1547,228
3600,1849,231
3600,2149,230
3600,2449,231
3600,2750,230
3600,3050,229
3600,3350,229
3600,3650,230
3600,3952,227
3600,4252,228
3600,4553,228
3600,4853,228
3600,5153,226
3600,5454,227
3600,5754,226
3600,6055,223
3600,6356,216
3600,6656,213
3600,6956,205
3600,7257,202
3600,7557,202
3600,7857,208
3600,8159,213
3600,8459,219
3600,8759,225
3600,9060,229
3600,9360,231
3600,9660,234
3600,9961,238
3600,10262,237
3600,10562,237
3600,10863,235
3600,11163,235
3600,11463,235
3663,11700,236
3900,11636,233
3900,11334,234
3900,11034,236
3900,10734,238
3900,10434,238
3900,10133,237
3900,9833,236
3900,9533,235
3900,9231,231
3900,8931,226
3900,8630,221
3900,8330,215
3900,8030,208
3900,7730,204
3900,7429,201
3900,7128,204
3900,6826,210
3900,6526,216
3900,6226,222
3900,5925,226
3900,5625,227
3900,5325,227
3900,5024,226
3900,4723,226
3900,4422,226
3900,4122,226
3900,3822,227
3900,3522,228
3900,3221,228
3900,2921,227
3900,2619,229
3900,2319,231
3900,2019,229
3900,1718,228
3900,1418,228
3900,1118,227
3900,818,225
3900,516,227
3900,216,226
3984,0,225
4200,85,226
4200,385,226
4200,686,227
4200,986,227
4200,1287,227
4200,1588,228
4200,1888,229
4200,2188,229
4200,2489,229
4200,2789,229
4200,3089,230
4200,3391,229
4200,3691,229
4200,3991,229
4200,4292,227
4200,4592,227
4200,4892,225
4200,5193,225
4200,5494,225
4200,5794,225
4200,6095,226
4200,6395,226
4200,6695,228
4200,6996,225
4200,7296,222
4200,7598,215
4200,7899,209
4200,8199,203
4200,8500,205
4200,8800,205
4200,9100,211
4200,9401,220
4200,9701,228
4200,10002,232
4200,10303,234
4200,10603,236
4200,10903,238
4200,11204,240
4200,11504,238
4304,11700,237
4500,11594,239
4500,11294,238
4500,10994,238
4500,10693,239
4500,10393,236
4500,10093,234
4500,9792,229
4500,9491,223
4500,9190,214
4500,8890,207
4500,8590,205
4500,8290,209
4500,7989,213
4500,7689,217
4500,7387,224
4500,7087,226
4500,6787,227
4500,6486,227
4500,6186,224
4500,5886,224
4500,5586,224
4500,5284,223
4500,4984,226
4500,4683,227
4500,4383,228
4500,4083,229
4500,3782,230
4500,3482,230
4500,3181,230
4500,2880,227
4500,2580,228
4500,2280,226
4500,1979,226
4500,1679,228
4500,1379,226
4500,1077,225
4500,777,225
4500,477,228
4500,176,224
4624,0,224
4800,124,225
4800,425,227
4800,726,228
4800,1028,228
4800,1328,227
4800,1628,229
4800,1929,229
4800,2229,229
4800,2529,229
4800,2830,229
4800,3131,229
4800,3431,228
4800,3732,227
4800,4032,225
4800,4332,224
4800,4633,223
4800,4933,222
4800,5234,222
4800,5535,224
4800,5835,228
4800,6135,228
4800,6436,225
4800,6736,222
4800,7036,217
4800,7338,212
4800,7638,212
4800,7938,212
4800,8239,217
4800,8539,223
4800,8839,228
4800,9140,231
4800,9441,235
4800,9742,237
4800,10042,237
4800,10342,239
4800,10642,238
4800,10943,237
4800,11243,236
4800,11545,234
4945,11700,235
5100,11555,233
5100,11254,236
5100,10954,239
5100,10654,240
5100,10354,242
5100,10052,238
5100,9752,238
5100,9451,237
5100,9151,233
5100,8851,231
5100,8550,225
5100,8250,219
5100,7949,216
5100,7647,215
5100,7347,219
5100,7046,220
5100,6746,224
5100,6446,226
5100,6146,226
5100,5845,225
5100,5544,222
5100,5243,222
5100,4943,220
5100,4643,220
5100,4342,223
5100,4042,225
5100,3742,226
5100,3440,231
5100,3140,229
5100,2840,233
5100,2539,231
5100,2239,230
5100,1939,229
5100,1638,228
5100,1337,228
5100,1037,227
5100,736,227
5100,436,225
5100,136,226
5264,0,225
5400,165,228
5400,466,227
5400,767,225
5400,1067,227
5400,1367,227
5400,1668,229
5400,1968,231
5400,2268,230
5400,2570,231
5400,2870,232
5400,3170,232
5400,3471,231
5400,3771,228
5400,4071,225
5400,4372,222
5400,4673,222
5400,4974,221
5400,5274,222
5400,5574,223
5400,5874,225
5400,6175,225
5400,6475,227
5400,6777,225
5400,7077,223
5400,7377,222
5400,7678,221
5400,7978,223
5400,8278,225
5400,8578,229
5400,8880,228
5400,9182,233
5400,9482,234
5400,9782,237
5400,10082,238
5400,10383,239
5400,10683,238
5400,10983,237
5400,11285,235
5400,11585,234
5585,11700,234
5700,11514,236
5700,11214,236
5700,10914,238
5700,10613,240
5700,10312,239
5700,10011,238
5700,9711,238
5700,9411,233
5700,9110,231
5700,8810,230
5700,8510,228
5700,8208,225
5700,7908,224
5700,7608,224
5700,7307,222
5700,7007,225
5700,6707,226
5700,6406,227
5700,6105,226
5700,5805,223
5700,5504,223
5700,5204,222
5700,4904,223
5700,4603,224
5700,4303,225
5700,4002,228
5700,3701,229
5700,3401,229
5700,3101,232
5700,2800,232
5700,2500,230
5700,2200,229
5700,1898,227
5700,1598,228
5700,1298,229
5700,997,226
5700,697,227
5700,397,226
5700,96,228
5905,0,226
6000,207,226
6000,507,227
6000,807,229
6000,1108,228
6000,1408,228
6000,1708,230
6000,2009,230
6000,2310,232
6000,2610,232
6000,2911,232
6000,3211,229
6000,3511,227
6000,3812,226
6000,4112,226
6000,4414,225
6000,4714,222
6000,5014,224
6000,5314,224
6000,5615,226
6000,5915,226
6000,6215,226
6000,6517,224
6000,6817,226
6000,7118,223
6000,7418,225
6000,7718,224
6000,8018,225
6000,8319,228
6000,8620,230
6000,8921,234
6000,9221,235
6000,9521,238
6000,9822,239
6000,10122,241
6000,10422,238
6000,10724,238
6000,11024,237
6000,11324,235
6000,11625,234
6225,11700,234
6300,11475,236
6300,11174,237
6300,10873,238
6300,10573,240
6300,10272,238
6300,9972,238
6300,9672,236
6300,9371,233
6300,9071,232
6300,8770,227
6300,8469,228
6300,8169,228
6300,7869,224
6300,7568,226
6300,7268,226
6300,6968,225
6300,6666,225
6300,6365,225
6300,6064,226
6300,5764,225
6300,5464,224
6300,5163,224
6300,4863,223
6300,4563,226
6300,4261,226
6300,3961,227
6300,3661,227
6300,3360,227
6300,3060,227
6300,2760,229
6300,2459,231
6300,2158,229
6300,1858,228
6300,1557,227
6300,1257,227
6300,957,228
6300,656,228
6300,356,227
6300,54,227
6546,0,227
6600,246,225
6600,546,225
6600,847,226
6600,1147,226
6600,1447,224
6600,1749,226
6600,2049,225
6600,2350,226
6600,2650,225
6600,2950,226
6600,3250,225
6600,3551,227
6600,3852,227
6600,4153,225
6600,4453,226
6600,4753,225
6600,5054,224
6600,5354,225
6600,5654,226
6600,5956,226
6600,6256,226
6600,6556,227
6600,6857,226
6600,7157,226
6600,7457,225
6600,7758,225
6600,8059,225
6600,8361,225
6600,8661,226
6600,8961,227
6600,9262,226
6600,9562,227
6600,9862,227
6600,10162,225
6600,10464,226
6600,10764,226
6600,11065,226
6600,11365,225
6600,11665,227
6865,11700,224
6900,11434,225
6900,11133,224
6900,10832,226
6900,10532,225
6900,10232,224
6900,9931,225
6900,9631,225
6900,9331,224
6900,9029,224
6900,8729,225
6900,8429,225
6900,8128,226
6900,7828,224
6900,7528,226
6900,7227,225
6900,6926,225
6900,6626,225
6900,6325,225
6900,6025,226
6900,5725,225
6900,5424,225
6900,5124,226
6900,4822,226
6900,4522,227
6900,4222,225
6900,3922,225
6900,3621,225
6900,3321,226
6900,3021,225
6900,2719,226
6900,2419,225
6900,2118,225
6900,1818,224
6900,1518,225
6900,1218,226
6900,917,226
6900,616,226
6900,315,227
6900,15,225
7185,0,224
7200,286,225
7200,586,224
7200,886,225
7200,1188,225
7200,1489,224
7200,1790,225
7200,2090,226
7200,2390,226
7200,2690,224
7200,2991,222
7200,3291,222
7200,3593,222
7200,3893,222
7200,4193,224
7200,4494,225
7200,4794,227
7200,5094,226
7200,5394,227
7200,5696,228
7200,5996,227
7200,6297,225
7200,6597,224
7200,6897,226
7200,7198,224
7200,7498,225
7200,7799,223
7200,8100,223
7200,8400,224
7200,8700,226
7200,9001,228
7200,9301,231
7200,9601,233
7200,9903,237
7200,10203,238
7200,10503,240
7200,10804,240
7200,11104,239
7200,11404,237
7204,11700,238
7500,11694,238
7500,11394,238
7500,11093,238
7500,10793,238
7500,10493,239
7500,10192,237
7500,9892,238
7500,9590,234
7500,9290,230
7500,8990,228
7500,8690,225
7500,8389,225
7500,8089,223
7500,7789,222
7500,7487,224
7500,7186,224
7500,6885,225
7500,6585,227
7500,6285,227
7500,5984,229
7500,5684,228
7500,5384,230
7500,5082,228
7500,4782,228
7500,4482,226
7500,4181,222
7500,3881,218
7500,3581,218
7500,3280,218
7500,2979,220
7500,2678,221
7500,2378,221
7500,2078,221
7500,1778,221
7500,1477,223
7500,1177,221
7500,875,222
7500,575,223
7500,275,224
7525,0,223
7800,26,223
7800,326,222
7800,626,223
7800,928,222
7800,1228,221
7800,1529,223
7800,1829,223
7800,2129,222
7800,2430,222
7800,2730,222
7800,3031,221
7800,3332,220
7800,3632,221
7800,3932,220
7800,4233,220
7800,4533,221
7800,4833,219
7800,5135,218
7800,5435,215
7800,5735,213
7800,6036,213
7800,6336,220
7800,6636,224
7800,6937,227
7800,7238,229
7800,7538,230
7800,7839,229
7800,8139,230
7800,8439,228
7800,8740,229
7800,9040,226
7800,9342,225
7800,9643,225
7800,9943,222
7800,10244,222
7800,10544,225
7800,10844,227
7800,11145,227
7800,11445,230
7846,11700,233
8100,11653,232
8100,11353,229
8100,11053,227
8100,10752,225
8100,10452,222
8100,10152,221
8100,9850,222
8100,9550,224
8100,9250,226
8100,8949,228
8100,8649,227
8100,8349,229
8100,8048,229
8100,7747,229
8100,7446,229
8100,7146,228
8100,6846,227
8100,6546,223
8100,6245,216
8100,5945,211
8100,5643,210
8100,5343,212
8100,5043,214
8100,4742,218
8100,4442,217
8100,4142,218
8100,3842,218
8100,3540,220
8100,3240,222
8100,2939,220
8100,2639,224
8100,2339,222
8100,2038,222
8100,1738,222
8100,1437,223
8100,1136,222
8100,836,221
8100,536,222
8100,235,222
8165,0,221
8400,65,222
8400,367,222
8400,668,222
8400,969,222
8400,1269,221
8400,1569,220
8400,1870,218
8400,2170,218
8400,2470,217
8400,2772,215
8400,3072,214
8400,3372,212
8400,3673,210
8400,3973,211
8400,4273,215
8400,4574,218
8400,4875,224
8400,5175,228
8400,5476,226
8400,5776,227
8400,6076,228
8400,6377,229
8400,6677,227
8400,6978,226
8400,7279,226
8400,7579,223
8400,7879,224
8400,8180,223
8400,8480,222
8400,8780,223
8400,9082,226
8400,9382,231
8400,9682,234
8400,9983,236
8400,10283,239
8400,10583,241
8400,10884,241
8400,11185,243
8400,11486,241
8486,11700,242
8700,11614,242
8700,11314,244
8700,11013,242
8700,10713,242
8700,10411,240
8700,10111,238
8700,9811,236
8700,9510,231
8700,9210,227
8700,8910,222
8700,8610,219
8700,8308,221
8700,8008,223
8700,7707,224
8700,7407,226
8700,7107,227
8700,6806,227
8700,6506,229
8700,6205,229
8700,5903,229
8700,5603,229
8700,5302,228
8700,5002,225
8700,4702,221
8700,4402,217
8700,4101,213
8700,3800,210
8700,3499,211
8700,3199,213
8700,2899,217
8700,2598,218
8700,2298,219
8700,1998,219
8700,1696,220
8700,1396,221
8700,1096,222
8700,795,223
8700,495,224
8700,195,222
8805,0,222
9000,107,223
9000,407,223
9000,708,224
9000,1008,222
9000,1308,222
9000,1609,221
9000,1909,221
9000,2210,219
9000,2511,220
9000,2811,219
9000,3111,219
9000,3412,219
9000,3712,219
9000,4012,219
9000,4314,220
9000,4614,219
9000,4914,219
9000,5215,222
9000,5515,220
9000,5815,220
9000,6116,220
9000,6417,221
9000,6718,220
9000,7018,219
9000,7318,219
9000,7618,220
9000,7919,220
9000,8219,219
9000,8521,219
9000,8822,220
9000,9122,220
9000,9423,218
9000,9723,218
9000,10023,220
9000,10324,219
9000,10624,221
9000,10926,218
9000,11226,219
9000,11526,220
9126,11700,221
9300,11573,222
9300,11273,222
9300,10973,222
9300,10671,224
9300,10371,224
9300,10070,225
9300,9770,224
9300,9470,224
9300,9170,224
9300,8869,224
9300,8568,224
9300,8267,224
9300,7967,223
9300,7667,223
9300,7366,225
9300,7066,224
9300,6766,223
9300,6464,224
9300,6164,222
9300,5864,224
9300,5563,224
9300,5263,223
9300,4963,224
9300,4662,223
9300,4361,223
9300,4061,225
9300,3760,223
9300,3460,224
9300,3160,224
9300,2859,225
9300,2559,223
9300,2258,223
9300,1957,223
9300,1657,222
9300,1357,222
9300,1056,224
9300,756,224
9300,456,224
9300,154,223
9446,0,223
9600,146,226
9600,447,225
9600,747,225
9600,1047,225
9600,1348,224
9600,1649,224
9600,1951,223
9600,2251,220
9600,2551,218
9600,2852,218
9600,3152,220
9600,3452,220
9600,3753,220
9600,4054,222
9600,4354,221
9600,4655,226
9600,4955,228
9600,5255,231
9600,5556,232
9600,5856,231
9600,6158,231
9600,6458,231
9600,6758,230
9600,7058,227
9600,7359,226
9600,7659,219
9600,7959,219
9600,8261,219
9600,8561,219
9600,8862,222
9600,9162,225
9600,9462,231
9600,9762,237
9600,10063,239
9600,10364,243
9600,10665,243
9600,10965,243
9600,11265,244
9600,11566,241
