0,143,236
0,443,235
0,743,234
0,1045,232
0,1345,232
0,1646,233
0,1946,234
0,2246,232
0,2547,233
0,2847,233
0,3148,235
0,3449,236
0,3749,239
0,4049,240
0,4350,239
0,4650,239
0,4950,239
0,5252,239
0,5552,240
0,5852,239
0,6153,238
0,6453,238
0,6753,239
0,7054,239
0,7355,239
0,7657,237
0,7957,237
0,8257,236
0,8558,235
0,8858,235
0,9158,235
0,9459,234
0,9760,232
0,10060,236
0,10361,234
0,10661,236
0,10961,237
0,11262,236
0,11562,236
163,11700,236
300,11536,236
300,11236,235
300,10936,236
300,10635,234
300,10335,234
300,10035,235
300,9733,235
300,9433,236
300,9132,236
300,8832,237
300,8532,238
300,8232,238
300,7931,241
300,7630,241
300,7329,239
300,7029,240
300,6729,238
300,6428,239
300,6128,241
300,5828,239
300,5526,239
300,5226,240
300,4926,240
300,4625,239
300,4325,238
300,4025,236
300,3724,235
300,3423,233
300,3123,233
300,2822,233
300,2522,234
300,2222,232
300,1921,233
300,1621,235
300,1320,237
300,1019,237
300,719,237
300,419,236
300,118,238
482,0,238
600,182,237
600,484,236
600,785,235
600,1086,237
600,1386,234
600,1686,234
600,1987,235
600,2287,234
600,2587,233
600,2889,233
600,3189,236
600,3489,237
600,3790,238
600,4090,237
600,4390,239
600,4691,241
600,4992,239
600,5292,239
600,5593,239
600,5893,239
600,6193,239
600,6494,240
600,6794,240
600,7096,240
600,7396,241
600,7696,239
600,7996,239
600,8297,239
600,8597,239
600,8897,238
600,9199,236
600,9499,236
600,9800,234
600,10100,234
600,10400,234
600,10700,234
600,11001,236
600,11302,235
600,11603,236
803,11700,236
900,11497,236
900,11196,236
900,10896,237
900,10596,235
900,10294,233
900,9994,233
900,9694,234
900,9393,236
900,9093,239
900,8793,237
900,8492,240
900,8191,240
900,7889,240
900,7589,239
900,7289,239
900,6988,240
900,6688,238
900,6388,239
900,6088,239
900,5786,241
900,5486,241
900,5185,239
900,4885,239
900,4585,240
900,4284,237
900,3984,238
900,3683,239
900,3382,236
900,3082,235
900,2782,234
900,2481,235
900,2181,235
900,1881,235
900,1579,233
900,1279,236
900,979,237
900,678,237
900,378,239
900,78,237
1122,0,237
1200,224,236
1200,525,238
1200,825,238
1200,1125,236
1200,1425,236
1200,1726,235
1200,2026,234
1200,2328,235
1200,2628,234
1200,2928,234
1200,3229,234
1200,3529,235
1200,3829,236
1200,4129,237
1200,4431,239
1200,4731,241
1200,5032,241
1200,5332,242
1200,5632,242
1200,5933,240
1200,6233,238
1200,6534,240
1200,6835,239
1200,7135,241
1200,7435,242
1200,7736,241
1200,8036,240
1200,8336,241
1200,8638,238
1200,8939,240
1200,9240,239
1200,9540,239
1200,9840,238
1200,10141,237
1200,10441,238
1200,10741,237
1200,11043,238
1200,11343,237
1200,11643,238
1443,11700,240
1500,11456,241
1500,11156,238
1500,10855,239
1500,10554,239
1500,10254,239
1500,9953,239
1500,9653,240
1500,9353,239
1500,9052,240
1500,8752,241
1500,8451,241
1500,8150,241
1500,7850,242
1500,7550,242
1500,7249,242
1500,6949,240
1500,6649,241
1500,6347,240
1500,6047,240
1500,5747,241
1500,5446,242
1500,5146,241
1500,4846,242
1500,4545,240
1500,4244,239
1500,3943,236
1500,3643,235
1500,3343,232
1500,3043,233
1500,2742,233
1500,2442,233
1500,2140,234
1500,1840,235
1500,1540,236
1500,1239,237
1500,939,239
1500,639,236
1500,339,239
1500,37,238
1764,0,241
1800,265,240
1800,565,242
1800,865,241
1800,1166,239
1800,1466,234
1800,1766,234
1800,2068,232
1800,2368,231
1800,2669,232
1800,2969,232
1800,3269,231
1800,3569,235
1800,3870,240
1800,4171,243
1800,4472,241
1800,4772,242
1800,5072,241
1800,5373,241
1800,5673,241
1800,5973,242
1800,6275,243
1800,6575,243
1800,6875,244
1800,7176,243
1800,7476,242
1800,7776,241
1800,8077,241
1800,8378,242
1800,8678,240
1800,8979,241
1800,9279,240
1800,9579,242
1800,9880,241
1800,10180,240
1800,10481,241
1800,10782,241
1800,11082,241
1800,11382,243
1800,11683,241
2083,11700,243
2100,11417,242
2100,11115,242
2100,10815,240
2100,10515,240
2100,10214,241
2100,9914,242
2100,9614,243
2100,9313,242
2100,9012,243
2100,8711,244
2100,8411,243
2100,8111,243
2100,7811,241
2100,7510,242
2100,7210,243
2100,6908,244
2100,6607,243
2100,6307,244
2100,6006,244
2100,5706,243
2100,5406,243
2100,5105,243
2100,4805,242
2100,4503,241
2100,4203,241
2100,3903,239
2100,3603,236
2100,3302,232
2100,3002,232
2100,2702,232
2100,2400,231
2100,2100,233
2100,1799,233
2100,1499,237
2100,1199,238
2100,899,240
2100,598,243
2100,297,241
2103,0,244
2400,4,241
2400,304,241
2400,605,241
2400,905,241
2400,1205,239
2400,1507,237
2400,1807,235
2400,2107,232
2400,2408,231
2400,2708,231
2400,3008,233
2400,3309,234
2400,3610,238
2400,3910,240
2400,4211,240
2400,4511,242
2400,4811,244
2400,5112,246
2400,5412,245
2400,5713,245
2400,6014,246
2400,6314,246
2400,6614,244
2400,6915,245
2400,7215,243
2400,7515,244
2400,7817,244
2400,8118,247
2400,8419,247
2400,8719,246
2400,9019,245
2400,9320,246
2400,9620,245
2400,9920,245
2400,10222,245
2400,10522,246
2400,10822,245
2400,11123,243
2400,11423,243
2423,11700,243
2700,11676,243
2700,11375,245
2700,11075,245
2700,10774,246
2700,10474,249
2700,10174,248
2700,9873,249
2700,9573,248
2700,9271,247
2700,8971,247
2700,8671,248
2700,8371,247
2700,8070,247
2700,7770,246
2700,7470,245
2700,7168,244
2700,6868,247
2700,6567,247
2700,6267,245
2700,5967,246
2700,5667,248
2700,5366,248
2700,5065,247
2700,4764,246
2700,4464,244
2700,4164,242
2700,3863,237
2700,3563,234
2700,3263,233
2700,2961,231
2700,2661,231
2700,2361,231
2700,2060,232
2700,1760,234
2700,1460,238
2700,1159,240
2700,858,242
2700,558,240
2700,257,240
2743,0,240
3000,43,241
3000,344,239
3000,644,239
3000,945,239
3000,1247,235
3000,1547,234
3000,1848,230
3000,2148,229
3000,2448,228
3000,2749,228
3000,3049,232
3000,3350,235
3000,3651,237
3000,3951,241
3000,4251,244
3000,4552,246
3000,4852,246
3000,5152,248
3000,5454,247
3000,5754,247
3000,6054,247
3000,6355,248
3000,6655,248
3000,6955,247
3000,7256,246
3000,7557,247
3000,7857,247
3000,8158,247
3000,8458,246
3000,8758,249
3000,9059,248
3000,9359,249
3000,9661,248
3000,9961,253
3000,10261,249
3000,10561,249
3000,10862,248
3000,11162,246
3000,11462,244
3064,11700,242
3300,11636,244
3300,11335,245
3300,11035,248
3300,10735,250
3300,10435,252
3300,10134,251
3300,9833,250
3300,9532,250
3300,9232,249
3300,8932,250
3300,8631,249
3300,8331,249
3300,8031,249
3300,7729,249
3300,7428,248
3300,7127,248
3300,6827,249
3300,6527,249
3300,6227,247
3300,5926,247
3300,5626,248
3300,5324,247
3300,5024,246
3300,4724,245
3300,4423,244
3300,4123,241
3300,3823,238
3300,3523,236
3300,3221,234
3300,2921,230
3300,2620,226
3300,2320,228
3300,2020,229
3300,1719,231
3300,1419,235
3300,1118,236
3300,817,237
3300,517,240
3300,217,237
3383,0,238
3600,84,237
3600,384,236
3600,686,236
3600,986,235
3600,1286,233
3600,1587,231
3600,1887,230
3600,2187,227
3600,2488,228
3600,2789,230
3600,3089,234
3600,3390,235
3600,3690,237
3600,3990,240
3600,4291,243
3600,4591,244
3600,4893,246
3600,5193,247
3600,5493,247
3600,5793,247
3600,6094,246
3600,6394,246
3600,6694,247
3600,6996,248
3600,7296,249
3600,7597,251
3600,7897,253
3600,8197,252
3600,8497,252
3600,8798,253
3600,9099,249
3600,9401,250
3600,9701,249
3600,10001,250
3600,10302,250
3600,10602,249
3600,10902,247
3600,11203,246
3600,11504,243
3704,11700,241
3900,11595,243
3900,11295,244
3900,10995,245
3900,10694,248
3900,10394,249
3900,10092,249
3900,9792,250
3900,9492,249
3900,9191,249
3900,8891,250
3900,8591,251
3900,8291,251
3900,7989,252
3900,7689,251
3900,7388,249
3900,7088,249
3900,6788,246
3900,6487,246
3900,6187,246
3900,5886,244
3900,5585,246
3900,5285,245
3900,4985,245
3900,4684,244
3900,4384,241
3900,4084,239
3900,3782,235
3900,3482,235
3900,3182,233
3900,2881,230
3900,2581,227
3900,2281,227
3900,1980,229
3900,1679,233
3900,1379,232
3900,1078,234
3900,778,234
3900,478,236
3900,177,234
4023,0,233
4200,125,233
4200,426,233
4200,726,233
4200,1027,233
4200,1327,234
4200,1627,231
4200,1928,229
4200,2228,229
4200,2529,228
4200,2830,230
4200,3130,232
4200,3430,234
4200,3731,237
4200,4031,240
4200,4331,241
4200,4633,242
4200,4933,242
4200,5233,244
4200,5534,245
4200,5834,246
4200,6134,244
4200,6435,247
4200,6736,247
4200,7037,247
4200,7337,247
4200,7637,248
4200,7937,250
4200,8238,249
4200,8538,248
4200,8840,249
4200,9140,248
4200,9440,250
4200,9741,249
4200,10041,249
4200,10341,248
4200,10641,247
4200,10943,246
4200,11243,241
4200,11544,241
4344,11700,241
4500,11556,242
4500,11255,243
4500,10955,244
4500,10654,246
4500,10353,247
4500,10053,249
4500,9753,247
4500,9452,248
4500,9152,247
4500,8852,246
4500,8550,246
4500,8250,247
4500,7950,247
4500,7649,246
4500,7349,246
4500,7049,247
4500,6748,244
4500,6447,244
4500,6145,244
4500,5845,245
4500,5545,244
4500,5244,243
4500,4944,241
4500,4644,241
4500,4343,241
4500,4042,239
4500,3742,237
4500,3441,235
4500,3141,230
4500,2841,231
4500,2540,229
4500,2240,229
4500,1939,230
4500,1638,231
4500,1338,231
4500,1038,234
4500,737,234
4500,437,234
4500,137,235
4665,0,235
4800,165,236
4800,465,236
4800,766,233
4800,1066,232
4800,1366,232
4800,1667,232
4800,1968,232
4800,2269,232
4800,2569,233
4800,2869,232
4800,3169,234
4800,3470,233
4800,3770,236
4800,4072,239
4800,4372,241
4800,4672,240
4800,4973,243
4800,5273,244
4800,5573,244
4800,5873,243
4800,6175,246
4800,6475,244
4800,6776,245
4800,7076,244
4800,7376,246
4800,7677,245
4800,7977,245
4800,8278,243
4800,8580,246
4800,8880,245
4800,9181,247
4800,9481,246
4800,9781,249
4800,10081,247
4800,10382,246
4800,10683,245
4800,10984,244
4800,11284,242
4800,11584,240
4984,11700,239
5100,11515,242
5100,11215,242
5100,10913,244
5100,10613,246
5100,10313,244
5100,10012,247
5100,9712,246
5100,9412,244
5100,9111,245
5100,8810,245
5100,8510,244
5100,8209,244
5100,7909,243
5100,7609,244
5100,7308,242
5100,7008,242
5100,6707,243
5100,6406,242
5100,6106,242
5100,5806,244
5100,5505,242
5100,5205,242
5100,4905,242
5100,4603,240
5100,4303,239
5100,4003,237
5100,3702,235
5100,3402,234
5100,3102,232
5100,2801,233
5100,2500,231
5100,2199,231
5100,1899,232
5100,1599,232
5100,1299,233
5100,998,235
5100,698,236
5100,396,239
5100,96,238
5304,0,239
5400,205,238
5400,505,238
5400,805,236
5400,1105,238
5400,1407,237
5400,1709,238
5400,2009,235
5400,2309,237
5400,2609,237
5400,2910,237
5400,3210,237
5400,3510,237
5400,3812,235
5400,4112,237
5400,4413,236
5400,4713,237
5400,5013,236
5400,5313,236
5400,5614,235
5400,5915,238
5400,6216,234
5400,6516,236
5400,6816,237
5400,7117,236
5400,7417,236
5400,7717,236
5400,8019,235
5400,8319,236
5400,8619,238
5400,8920,238
5400,9220,235
5400,9520,236
5400,9821,237
5400,10122,235
5400,10422,238
5400,10723,239
5400,11023,238
5400,11323,236
5400,11624,236
5624,11700,238
5700,11475,238
5700,11174,239
5700,10874,238
5700,10574,241
5700,10273,239
5700,9973,238
5700,9673,240
5700,9371,238
5700,9071,238
5700,8771,238
5700,8470,239
5700,8170,238
5700,7870,240
5700,7569,240
5700,7268,238
5700,6966,240
5700,6666,238
5700,6366,238
5700,6065,239
5700,5765,240
5700,5465,237
5700,5164,237
5700,4863,239
5700,4563,238
5700,4262,239
5700,3962,237
5700,3662,239
5700,3361,240
5700,3061,238
5700,2759,239
5700,2459,239
5700,2159,237
5700,1859,237
5700,1558,239
5700,1258,239
5700,958,239
5700,656,239
5700,356,237
5700,55,240
5945,0,237
6000,245,238
6000,545,238
6000,846,238
6000,1147,236
6000,1448,237
6000,1748,237
6000,2048,233
6000,2349,232
6000,2649,234
6000,2949,234
6000,3251,234
6000,3551,236
6000,3851,237
6000,4152,236
6000,4452,238
6000,4752,238
6000,5053,240
6000,5354,241
6000,5654,243
6000,5955,243
6000,6255,243
6000,6555,243
6000,6856,242
6000,7156,243
6000,7457,242
6000,7758,240
6000,8058,240
6000,8358,242
6000,8659,243
6000,8959,242
6000,9259,242
6000,9561,242
6000,9862,242
6000,10163,242
6000,10463,240
6000,10763,240
6000,11064,241
6000,11364,240
6000,11664,240
6266,11700,240
6300,11434,239
6300,11134,239
6300,10833,239
6300,10533,240
6300,10233,241
6300,9932,244
6300,9631,243
6300,9331,242
6300,9030,242
6300,8730,243
6300,8430,241
6300,8129,241
6300,7829,242
6300,7527,243
6300,7227,245
6300,6927,243
6300,6627,244
6300,6326,243
6300,6026,243
6300,5726,242
6300,5424,241
6300,5124,240
6300,4823,239
6300,4523,238
6300,4223,238
6300,3923,238
6300,3622,237
6300,3321,236
6300,3020,236
6300,2720,235
6300,2420,235
6300,2119,236
6300,1819,236
6300,1519,236
6300,1217,237
6300,917,238
6300,617,237
6300,316,237
6300,16,238
6584,0,239
6600,285,239
6600,586,238
6600,888,238
6600,1188,237
6600,1488,238
6600,1789,238
6600,2089,237
6600,2389,238
6600,2689,238
6600,2991,237
6600,3291,238
6600,3592,238
6600,3892,237
6600,4192,238
6600,4493,238
6600,4793,236
6600,5094,236
6600,5395,235
6600,5695,235
6600,5995,238
6600,6296,236
6600,6596,237
6600,6896,236
6600,7198,236
6600,7498,238
6600,7798,237
6600,8099,237
6600,8399,239
6600,8699,237
6600,9000,236
6600,9301,237
6600,9601,238
6600,9902,237
6600,10202,237
6600,10502,237
6600,10803,237
6600,11103,239
6600,11405,238
6605,11700,238
6900,11695,239
6900,11395,240
6900,11094,238
6900,10794,238
6900,10494,238
6900,10192,236
6900,9892,236
6900,9591,238
6900,9291,237
6900,8991,238
6900,8691,237
6900,8390,238
6900,8089,238
6900,7788,238
6900,7488,239
6900,7188,239
6900,6887,238
6900,6587,240
6900,6287,239
6900,5985,240
6900,5684,236
6900,5383,238
6900,5083,237
6900,4783,238
6900,4483,238
6900,4182,239
6900,3882,237
6900,3580,238
6900,3280,239
6900,2980,238
6900,2679,239
6900,2379,238
6900,2079,239
6900,1779,236
6900,1477,239
6900,1177,237
6900,876,237
6900,576,238
6900,276,238
6924,0,238
7200,25,237
7200,326,237
7200,627,238
7200,927,239
7200,1227,237
7200,1528,238
7200,1828,237
7200,2128,238
7200,2430,239
7200,2730,240
7200,3030,238
7200,3331,238
7200,3631,239
7200,3931,239
7200,4232,237
7200,4533,238
7200,4833,239
7200,5134,237
7200,5434,240
7200,5734,238
7200,6035,238
7200,6335,239
7200,6637,239
7200,6937,237
7200,7237,239
7200,7537,239
7200,7838,240
7200,8138,239
7200,8438,239
7200,8740,240
7200,9041,239
7200,9342,239
7200,9642,239
7200,9942,238
7200,10243,240
7200,10543,239
7200,10843,238
7200,11145,238
7200,11445,238
7245,11700,239
7500,11654,240
7500,11354,239
7500,11054,238
7500,10753,239
7500,10452,238
7500,10151,238
7500,9851,238
7500,9551,237
7500,9251,239
7500,8950,238
7500,8650,237
7500,8348,239
7500,8048,238
7500,7748,238
7500,7447,238
7500,7147,239
7500,6847,238
7500,6547,238
7500,6245,239
7500,5945,237
7500,5644,238
7500,5344,239
7500,5044,238
7500,4743,239
7500,4443,237
7500,4142,237
7500,3841,238
7500,3541,237
7500,3241,240
7500,2940,239
7500,2640,238
7500,2340,237
7500,2038,238
7500,1738,239
7500,1438,237
7500,1137,238
7500,837,237
7500,537,237
7500,236,237
7565,0,239
7800,65,237
7800,366,237
7800,666,238
7800,966,239
7800,1267,238
7800,1567,238
7800,1869,240
7800,2170,238
7800,2470,238
7800,2771,239
7800,3071,238
7800,3371,238
7800,3672,237
7800,3972,238
7800,4273,238
7800,4574,240
7800,4874,238
7800,5174,237
7800,5475,239
7800,5775,238
7800,6075,240
7800,6377,238
7800,6677,238
7800,6977,238
7800,7278,238
7800,7578,239
7800,7878,239
7800,8179,239
7800,8480,238
7800,8781,239
7800,9081,240
7800,9381,238
7800,9681,239
7800,9982,239
7800,10282,238
7800,10584,239
7800,10884,238
7800,11184,239
7800,11485,240
7885,11700,239
8100,11615,238
8100,11315,238
8100,11013,237
8100,10713,236
8100,10412,237
8100,10112,237
8100,9812,236
8100,9511,236
8100,9211,237
8100,8910,237
8100,8609,237
8100,8309,237
8100,8009,237
8100,7708,237
8100,7408,238
8100,7108,237
8100,6806,237
8100,6505,238
8100,6204,236
8100,5904,237
8100,5604,239
8100,5303,238
8100,5003,239
8100,4703,238
8100,4401,237
8100,4101,237
8100,3801,237
8100,3500,239
8100,3200,239
8100,2900,236
8100,2599,237
8100,2298,237
8100,1998,238
8100,1697,237
8100,1397,237
8100,1097,238
8100,796,237
8100,496,237
8100,195,237
8206,0,237
8400,106,236
8400,406,236
8400,707,239
8400,1007,239
8400,1307,241
8400,1609,240
8400,1909,242
8400,2209,243
8400,2510,243
8400,2810,244
8400,3110,244
8400,3411,244
8400,3712,243
8400,4013,243
8400,4313,242
8400,4613,241
8400,4913,239
8400,5214,237
8400,5514,239
8400,5816,240
8400,6116,241
8400,6416,241
8400,6717,243
8400,7017,243
8400,7317,244
8400,7617,246
8400,7919,245
8400,8219,245
8400,8520,244
8400,8820,247
8400,9120,245
8400,9421,246
8400,9721,248
8400,10022,247
8400,10324,246
8400,10624,246
8400,10925,244
8400,11225,242
8400,11525,241
8525,11700,242
8700,11574,243
8700,11273,243
8700,10972,244
8700,10672,248
8700,10372,247
8700,10071,247
8700,9771,246
8700,9471,244
8700,9169,244
8700,8869,244
8700,8569,245
8700,8268,243
8700,7968,245
8700,7668,245
8700,7367,244
8700,7066,242
8700,6766,242
8700,6465,242
8700,6165,240
8700,5865,239
8700,5564,239
8700,5264,239
8700,4963,240
8700,4662,241
8700,4362,241
8700,4062,243
8700,3761,243
8700,3461,243
8700,3161,241
8700,2859,244
8700,2559,244
8700,2259,244
8700,1958,243
8700,1658,243
8700,1358,240
8700,1057,240
8700,756,238
8700,455,238
8700,155,237
8845,0,239
9000,145,241
9000,446,241
9000,746,242
9000,1048,243
9000,1349,245
9000,1649,245
9000,1950,244
9000,2250,244
9000,2550,244
9000,2851,245
9000,3151,245
9000,3453,244
9000,3753,246
9000,4053,244
9000,4353,244
9000,4654,244
9000,4954,244
9000,5254,243
9000,5556,244
9000,5856,245
9000,6157,244
9000,6457,244
9000,6757,245
9000,7057,245
9000,7358,245
9000,7659,244
9000,7960,245
9000,8260,243
9000,8560,243
9000,8861,245
9000,9161,245
9000,9461,245
9000,9763,243
9000,10063,245
9000,10363,246
9000,10664,244
9000,10964,245
9000,11264,245
9000,11565,244
9166,11700,245
9300,11534,246
9300,11233,244
9300,10933,244
9300,10633,243
9300,10332,243
9300,10032,243
9300,9731,241
9300,9430,238
9300,9130,239
9300,8830,240
9300,8529,238
9300,8229,238
9300,7929,238
9300,7627,239
9300,7327,238
9300,7027,239
9300,6726,238
9300,6426,240
9300,6126,238
9300,5825,237
9300,5524,241
9300,5222,238
9300,4922,239
9300,4622,238
9300,4321,239
9300,4021,238
9300,3721,239
9300,3420,241
9300,3119,238
9300,2819,240
9300,2518,239
9300,2218,238
9300,1918,239
9300,1617,238
9300,1317,239
9300,1015,238
9300,715,240
9300,415,238
9300,115,238
9486,0,239
9600,186,240
9600,486,243
9600,788,241
9600,1088,243
9600,1389,245
9600,1689,244
9600,1989,245
9600,2289,245
9600,2590,244
9600,2891,243
9600,3192,244
9600,3492,242
9600,3792,243
9600,4093,244
9600,4393,243
9600,4693,244
9600,4995,243
9600,5295,244
9600,5595,244
9600,5896,244
9600,6196,243
9600,6496,243
9600,6797,243
9600,7098,243
9600,7398,243
9600,7699,244
9600,7999,243
9600,8299,243
9600,8600,244
9600,8900,243
9600,9201,245
9600,9503,241
9600,9803,244
9600,10104,242
9600,10404,244
9600,10704,242
9600,11005,244
9600,11305,244
9600,11606,244
9806,11700,244
9900,11493,244
9900,11193,243
9900,10892,243
9900,10592,242
9900,10292,244
9900,9990,245
9900,9690,243
9900,9390,244
9900,9089,243
9900,8789,242
9900,8489,241
9900,8188,240
9900,7887,240
9900,7587,239
9900,7286,239
9900,6986,239
9900,6686,240
9900,6385,240
9900,6085,239
9900,5783,240
9900,5483,240
9900,5183,241
9900,4883,240
9900,4582,239
9900,4282,238
9900,3982,239
9900,3680,240
9900,3380,240
9900,3079,239
9900,2779,240
9900,2479,240
9900,2179,239
9900,1878,239
9900,1577,238
9900,1276,240
9900,976,239
9900,676,240
9900,375,239
9900,75,241
10125,0,239
10200,227,240
10200,527,240
10200,827,241
10200,1128,240
10200,1428,241
10200,1728,239
10200,2029,239
10200,2330,237
10200,2632,237
10200,2932,237
10200,3232,238
10200,3533,239
10200,3833,236
10200,4133,239
10200,4433,238
10200,4735,238
10200,5035,238
10200,5336,236
10200,5636,234
10200,5936,232
10200,6237,235
10200,6537,234
10200,6838,237
10200,7139,237
10200,7439,241
10200,7739,241
10200,8040,240
10200,8340,241
10200,8640,241
10200,8942,239
10200,9242,237
10200,9542,236
10200,9843,236
10200,10143,236
10200,10443,235
10200,10744,236
10200,11045,235
10200,11345,236
10200,11646,235
10446,11700,235
10500,11454,237
10500,11153,237
10500,10853,236
10500,10551,236
10500,10251,236
10500,9951,236
10500,9651,235
10500,9350,235
10500,9050,236
10500,8750,235
10500,8448,235
10500,8148,237
10500,7847,236
10500,7547,237
10500,7247,236
10500,6947,235
10500,6646,236
10500,6345,237
10500,6043,236
10500,5743,236
10500,5443,235
10500,5142,236
10500,4842,235
10500,4542,236
10500,4241,237
10500,3940,235
10500,3639,236
10500,3339,235
10500,3039,237
10500,2739,235
10500,2438,235
10500,2138,236
10500,1836,237
10500,1536,235
10500,1236,235
10500,935,235
10500,635,237
10500,335,236
10500,35,236
10767,0,236
10800,267,236
10800,568,236
10800,868,236
10800,1168,233
10800,1469,233
10800,1769,233
10800,2070,233
10800,2371,232
10800,2671,232
10800,2971,232
10800,3272,235
10800,3572,236
10800,3872,239
10800,4174,238
10800,4474,239
10800,4774,238
10800,5075,238
10800,5375,238
10800,5675,239
10800,5976,239
10800,6277,238
10800,6577,238
10800,6878,238
10800,7178,239
10800,7478,238
10800,7779,239
10800,8079,239
10800,8381,239
10800,8681,238
10800,8981,239
10800,9281,238
10800,9582,237
10800,9882,238
10800,10182,238
10800,10484,238
10800,10785,238
10800,11086,239
10800,11386,240
10800,11686,238
11086,11700,238
11100,11413,237
11100,11113,236
11100,10811,234
11100,10511,233
11100,10211,232
11100,9910,234
11100,9610,233
11100,9310,231
11100,9009,233
11100,8708,235
11100,8407,235
11100,8107,236
11100,7807,236
11100,7507,238
11100,7206,236
11100,6906,235
11100,6604,236
11100,6304,235
11100,6004,237
11100,5703,237
11100,5403,237
11100,5103,238
11100,4803,238
11100,4501,237
11100,4201,239
11100,3900,237
11100,3600,237
11100,3300,237
11100,2999,237
11100,2699,237
11100,2398,236
11100,2097,237
11100,1797,236
11100,1497,238
11100,1196,236
11100,896,237
11100,596,239
11100,294,238
11106,0,236
11400,6,238
11400,307,236
11400,607,235
11400,907,236
11400,1208,234
11400,1509,232
11400,1811,234
11400,2111,234
11400,2411,234
11400,2712,233
11400,3012,232
11400,3312,235
11400,3613,237
11400,3914,237
11400,4214,238
11400,4515,239
11400,4815,238
11400,5115,238
11400,5416,240
11400,5716,238
11400,6017,238
11400,6318,239
11400,6618,239
11400,6918,239
11400,7219,240
11400,7519,238
11400,7819,238
11400,8121,237
11400,8421,237
11400,8721,238
11400,9022,236
11400,9322,236
11400,9622,234
11400,9923,233
11400,10224,234
11400,10525,233
11400,10825,234
11400,11125,234
11400,11425,235
11426,11700,238
11700,11674,235
11700,11372,236
11700,11072,234
11700,10772,234
11700,10471,232
11700,10171,233
11700,9871,235
11700,9571,236
11700,9269,236
11700,8969,238
11700,8668,239
11700,8368,240
11700,8068,239
11700,7767,239
11700,7467,240
11700,7166,237
11700,6865,239
11700,6565,238
11700,6265,238
11700,5964,239
11700,5664,240
11700,5364,239
11700,5062,238
11700,4761,239
11700,4460,237
11700,4160,235
11700,3860,236
11700,3559,236
11700,3259,235
11700,2959,233
11700,2657,234
11700,2357,233
11700,2057,235
11700,1756,233
11700,1456,233
11700,1156,235
11700,855,235
11700,554,237
11700,254,237
11746,0,237
12000,47,236
12000,347,238
12000,648,236
12000,948,236
12000,1249,236
12000,1550,234
12000,1850,235
12000,2150,234
12000,2451,233
12000,2751,234
12000,3051,234
12000,3353,234
12000,3653,236
12000,3953,235
12000,4254,237
12000,4554,238
12000,4854,239
12000,5155,240
12000,5456,241
12000,5757,241
12000,6057,241
12000,6357,239
12000,6657,239
12000,6958,238
12000,7258,239
12000,7560,241
12000,7860,241
12000,8160,240
12000,8461,240
12000,8761,240
12000,9061,239
12000,9361,238
12000,9663,238
12000,9965,238
12000,10265,236
12000,10565,236
12000,10865,237
12000,11166,236
12000,11466,237
12066,11700,239
12300,11632,240
12300,11332,238
12300,11031,238
12300,10731,237
12300,10431,238
12300,10131,238
12300,9830,239
12300,9529,239
12300,9228,240
12300,8928,241
12300,8628,240
12300,8327,242
12300,8027,240
12300,7727,241
12300,7425,240
12300,7125,239
12300,6825,239
12300,6524,238
12300,6224,240
12300,5924,240
12300,5623,241
12300,5322,241
12300,5022,240
12300,4721,238
12300,4421,236
12300,4121,235
12300,3820,234
12300,3520,232
12300,3219,233
12300,2918,233
12300,2618,233
12300,2318,234
12300,2017,236
12300,1717,237
12300,1417,236
12300,1115,235
12300,815,238
12300,515,237
12300,214,238
12386,0,240
12600,86,241
12600,387,241
12600,688,241
12600,989,241
12600,1289,238
12600,1589,236
12600,1889,232
12600,2190,232
12600,2490,231
12600,2792,230
12600,3093,231
12600,3393,231
12600,3694,234
12600,3994,238
12600,4294,240
12600,4595,243
12600,4895,243
12600,5197,241
12600,5497,242
12600,5797,241
12600,6097,240
12600,6398,241
12600,6698,242
12600,6998,243
12600,7300,241
12600,7600,240
12600,7901,241
12600,8201,242
12600,8501,242
12600,8801,240
12600,9102,241
12600,9403,239
12600,9704,240
12600,10004,240
12600,10304,241
12600,10605,239
12600,10905,240
12600,11205,241
12600,11507,240
12707,11700,242
12900,11593,242
12900,11292,242
12900,10992,241
12900,10692,241
12900,10391,241
12900,10090,239
12900,9790,240
12900,9489,241
12900,9189,240
12900,8889,242
12900,8588,242
12900,8288,241
12900,7987,241
12900,7686,242
12900,7386,242
12900,7086,244
12900,6785,243
12900,6485,242
12900,6185,243
12900,5883,241
12900,5582,242
12900,5281,242
12900,4981,243
12900,4681,243
12900,4380,240
12900,4080,238
12900,3780,233
12900,3478,230
12900,3178,231
12900,2878,232
12900,2577,231
12900,2277,232
12900,1977,234
12900,1676,236
12900,1375,239
12900,1075,241
12900,774,240
12900,474,241
12900,174,242
13026,0,243
13200,127,242
13200,429,241
13200,729,240
13200,1029,240
13200,1329,238
13200,1630,236
13200,1930,233
13200,2230,231
13200,2532,232
13200,2832,231
13200,3133,232
13200,3433,232
13200,3733,236
13200,4033,239
13200,4334,242
13200,4635,241
13200,4936,241
13200,5236,242
13200,5536,242
13200,5837,244
13200,6137,243
13200,6437,244
13200,6739,243
13200,7039,243
13200,7339,241
13200,7640,242
13200,7940,241
13200,8240,242
13200,8541,242
13200,8842,244
13200,9142,243
13200,9443,242
13200,9743,243
13200,10043,241
13200,10344,242
13200,10644,242
13200,10945,242
13200,11247,241
13200,11547,242
13347,11700,242
13500,11552,243
13500,11252,242
13500,10951,244
13500,10651,243
13500,10350,244
13500,10049,245
13500,9749,245
13500,9449,246
13500,9148,244
13500,8848,246
13500,8548,245
13500,8246,242
13500,7946,243
13500,7646,244
13500,7345,244
13500,7045,245
13500,6745,244
13500,6444,244
13500,6143,245
13500,5843,246
13500,5542,244
13500,5242,243
13500,4942,241
13500,4641,241
13500,4341,239
13500,4039,237
13500,3739,234
13500,3439,231
13500,3139,231
13500,2838,230
13500,2538,232
13500,2238,233
13500,1936,234
13500,1636,238
13500,1335,240
13500,1035,241
13500,735,242
13500,435,242
13500,134,243
13667,0,241
13800,168,241
13800,468,240
13800,768,242
13800,1069,239
13800,1369,237
13800,1669,234
13800,1971,232
13800,2272,231
13800,2573,229
13800,2873,229
13800,3173,230
13800,3473,234
13800,3774,238
13800,4074,239
13800,4376,243
13800,4676,244
13800,4976,246
13800,5277,247
13800,5577,247
13800,5877,244
13800,6177,247
13800,6479,246
13800,6779,245
13800,7080,247
13800,7380,244
13800,7680,244
13800,7981,247
13800,8281,246
13800,8582,247
13800,8883,247
13800,9183,248
13800,9483,247
13800,9784,248
13800,10084,248
13800,10384,247
13800,10686,247
13800,10986,244
13800,11286,244
13800,11587,243
