0,198,244
0,498,245
0,798,246
0,1098,246
0,1400,246
0,1702,246
0,2002,248
0,2302,245
0,2602,245
0,2903,245
0,3203,246
0,3503,245
0,3805,243
0,4105,242
0,4406,242
0,4706,243
0,5006,242
0,5306,241
0,5607,243
0,5908,243
0,6209,244
0,6509,245
0,6809,246
0,7110,244
0,7410,245
0,7710,246
0,8012,246
0,8312,245
0,8612,247
0,8913,245
0,9213,244
0,9513,244
0,9814,243
0,10115,244
0,10415,244
0,10716,245
0,11016,247
0,11316,247
0,11617,247
217,11700,248
300,11481,247
300,11181,246
300,10881,245
300,10581,244
300,10280,244
300,9980,242
300,9680,244
300,9378,244
300,9078,244
300,8777,245
300,8477,244
300,8177,244
300,7877,246
300,7576,244
300,7275,246
300,6973,245
300,6673,244
300,6373,246
300,6072,243
300,5772,242
300,5472,241
300,5171,242
300,4870,241
300,4569,242
300,4269,242
300,3969,244
300,3669,244
300,3368,246
300,3068,245
300,2766,246
300,2466,247
300,2166,248
300,1865,245
300,1565,244
300,1265,244
300,965,246
300,663,245
300,363,245
300,62,245
538,0,245
600,238,244
600,539,244
600,839,245
600,1140,246
600,1441,247
600,1741,246
600,2041,247
600,2342,246
600,2642,246
600,2942,245
600,3244,244
600,3544,244
600,3844,243
600,4145,244
600,4445,242
600,4745,241
600,5046,244
600,5347,242
600,5647,243
600,5948,244
600,6248,243
600,6548,244
600,6849,244
600,7149,245
600,7451,246
600,7751,244
600,8051,244
600,8351,245
600,8652,244
600,8952,242
600,9252,243
600,9554,242
600,9855,242
600,10156,243
600,10456,244
600,10756,245
600,11057,247
600,11357,249
600,11657,249
859,11700,246
900,11441,247
900,11141,247
900,10840,245
900,10540,245
900,10240,245
900,9939,243
900,9638,244
900,9337,242
900,9037,241
900,8737,242
900,8437,243
900,8136,242
900,7836,242
900,7534,243
900,7234,242
900,6934,241
900,6633,241
900,6333,242
900,6033,244
900,5733,244
900,5431,242
900,5131,242
900,4830,244
900,4530,243
900,4230,242
900,3929,244
900,3629,245
900,3328,243
900,3027,244
900,2727,244
900,2427,246
900,2126,246
900,1826,245
900,1526,246
900,1224,245
900,924,247
900,624,245
900,323,245
900,23,244
1177,0,243
1200,278,245
1200,579,244
1200,881,244
1200,1181,244
1200,1481,244
1200,1782,245
1200,2082,245
1200,2382,244
1200,2683,243
1200,2984,242
1200,3284,243
1200,3585,242
1200,3885,242
1200,4185,243
1200,4486,244
1200,4786,244
1200,5088,245
1200,5388,242
1200,5688,241
1200,5988,242
1200,6289,241
1200,6589,238
1200,6889,240
1200,7191,241
1200,7491,241
1200,7792,240
1200,8092,240
1200,8392,242
1200,8692,241
1200,8993,242
1200,9294,242
1200,9595,243
1200,9895,244
1200,10195,243
1200,10496,244
1200,10796,245
1200,11096,245
1200,11398,245
1200,11698,246
1498,11700,247
1500,11401,245
1500,11101,243
1500,10801,244
1500,10500,244
1500,10199,244
1500,9899,244
1500,9598,242
1500,9298,243
1500,8998,241
1500,8697,241
1500,8397,241
1500,8096,242
1500,7795,239
1500,7495,239
1500,7195,239
1500,6894,239
1500,6594,240
1500,6294,240
1500,5992,241
1500,5691,240
1500,5390,242
1500,5090,242
1500,4790,243
1500,4489,242
1500,4189,241
1500,3889,239
1500,3587,240
1500,3287,241
1500,2987,243
1500,2686,241
1500,2386,244
1500,2086,243
1500,1785,245
1500,1484,242
1500,1184,243
1500,883,243
1500,583,243
1500,283,243
1517,0,241
1800,18,243
1800,320,241
1800,620,242
1800,920,241
1800,1220,239
1800,1521,242
1800,1821,243
1800,2121,243
1800,2423,240
1800,2723,240
1800,3024,240
1800,3324,239
1800,3624,241
1800,3924,241
1800,4225,240
1800,4526,241
1800,4827,240
1800,5127,242
1800,5427,240
1800,5728,240
1800,6028,241
1800,6328,240
1800,6630,239
1800,6930,239
1800,7230,239
1800,7531,238
1800,7831,239
1800,8131,240
1800,8432,241
1800,8733,241
1800,9035,242
1800,9335,242
1800,9635,241
1800,9936,242
1800,10236,242
1800,10536,242
1800,10836,241
1800,11138,244
1800,11438,245
1838,11700,246
2100,11661,245
2100,11361,245
2100,11060,242
2100,10760,242
2100,10459,242
2100,10158,240
2100,9858,241
2100,9558,242
2100,9257,240
2100,8957,239
2100,8657,239
2100,8355,238
2100,8055,236
2100,7755,237
2100,7454,239
2100,7154,237
2100,6854,239
2100,6553,240
2100,6252,240
2100,5952,240
2100,5651,238
2100,5351,240
2100,5051,239
2100,4750,240
2100,4450,241
2100,4148,241
2100,3848,241
2100,3548,238
2100,3248,239
2100,2947,240
2100,2647,239
2100,2347,240
2100,2045,240
2100,1745,241
2100,1444,240
2100,1144,240
2100,844,240
2100,544,241
2100,243,241
2158,0,241
2400,59,240
2400,359,240
2400,659,238
2400,960,239
2400,1260,237
2400,1560,238
2400,1862,240
2400,2163,241
2400,2464,240
2400,2764,239
2400,3064,239
2400,3364,238
2400,3665,240
2400,3965,239
2400,4267,239
2400,4567,239
2400,4867,239
2400,5168,237
2400,5468,238
2400,5768,239
2400,6068,238
2400,6370,240
2400,6670,239
2400,6971,238
2400,7271,236
2400,7571,237
2400,7872,236
2400,8172,237
2400,8473,238
2400,8774,238
2400,9074,238
2400,9374,240
2400,9675,238
2400,9975,239
2400,10275,239
2400,10577,238
2400,10877,241
2400,11177,243
2400,11478,244
2478,11700,243
2700,11622,242
2700,11321,241
2700,11020,239
2700,10720,236
2700,10419,238
2700,10119,237
2700,9819,238
2700,9518,238
2700,9218,238
2700,8916,237
2700,8616,237
2700,8316,236
2700,8016,235
2700,7715,236
2700,7415,237
2700,7115,239
2700,6813,240
2700,6512,238
2700,6211,240
2700,5911,239
2700,5611,238
2700,5310,238
2700,5010,239
2700,4710,239
2700,4408,238
2700,4108,239
2700,3808,238
2700,3507,238
2700,3207,239
2700,2907,239
2700,2606,239
2700,2305,238
2700,2004,239
2700,1704,237
2700,1404,237
2700,1104,237
2700,803,236
2700,503,239
2700,201,239
2799,0,240
3000,99,237
3000,400,236
3000,700,235
3000,1000,234
3000,1300,236
3000,1602,236
3000,1902,236
3000,2203,238
3000,2503,238
3000,2803,237
3000,3104,237
3000,3404,236
3000,3705,236
3000,4006,235
3000,4306,237
3000,4606,237
3000,4907,237
3000,5207,237
3000,5507,238
3000,5809,238
3000,6109,241
3000,6409,241
3000,6710,240
3000,7010,239
3000,7310,236
3000,7611,236
3000,7912,235
3000,8212,233
3000,8513,234
3000,8813,234
3000,9113,235
3000,9414,235
3000,9714,234
3000,10016,235
3000,10317,235
3000,10617,236
3000,10918,236
3000,11218,238
3000,11518,239
3118,11700,238
3300,11581,239
3300,11280,234
3300,10979,234
3300,10679,234
3300,10379,233
3300,10078,233
3300,9778,234
3300,9478,233
3300,9176,234
3300,8876,233
3300,8576,234
3300,8275,233
3300,7975,233
3300,7675,234
3300,7374,237
3300,7073,239
3300,6772,242
3300,6472,240
3300,6172,241
3300,5872,237
3300,5571,235
3300,5271,237
3300,4969,236
3300,4669,237
3300,4369,235
3300,4068,235
3300,3768,233
3300,3468,234
3300,3168,234
3300,2866,234
3300,2566,235
3300,2265,235
3300,1965,236
3300,1665,234
3300,1364,233
3300,1064,234
3300,763,233
3300,462,234
3300,162,235
3438,0,236
3600,139,234
3600,439,234
3600,739,232
3600,1041,233
3600,1342,233
3600,1643,234
3600,1943,234
3600,2243,233
3600,2544,236
3600,2844,235
3600,3144,234
3600,3446,233
3600,3746,233
3600,4046,233
3600,4347,235
3600,4647,235
3600,4947,235
3600,5248,235
3600,5549,237
3600,5849,237
3600,6150,239
3600,6450,239
3600,6750,239
3600,7051,239
3600,7351,236
3600,7652,233
3600,7953,231
3600,8253,232
3600,8553,232
3600,8854,232
3600,9154,233
3600,9454,232
3600,9756,232
3600,10056,232
3600,10356,232
3600,10657,232
3600,10957,233
3600,11257,235
3600,11558,236
3759,11700,235
3900,11540,234
3900,11240,231
3900,10940,231
3900,10640,231
3900,10339,231
3900,10039,230
3900,9737,230
3900,9437,232
3900,9137,233
3900,8836,233
3900,8536,231
3900,8236,232
3900,7936,233
3900,7634,234
3900,7334,236
3900,7033,236
3900,6733,238
3900,6433,239
3900,6132,238
3900,5832,238
3900,5531,237
3900,5229,233
3900,4929,233
3900,4628,233
3900,4328,232
3900,4028,232
3900,3728,233
3900,3427,232
3900,3126,232
3900,2825,234
3900,2525,232
3900,2225,233
3900,1924,233
3900,1624,233
3900,1324,233
3900,1022,231
3900,722,232
3900,422,233
3900,121,235
4079,0,235
4200,179,233
4200,480,231
4200,781,230
4200,1081,232
4200,1382,234
4200,1682,235
4200,1982,234
4200,2283,233
4200,2583,232
4200,2884,232
4200,3185,233
4200,3485,233
4200,3785,232
4200,4086,232
4200,4386,232
4200,4686,232
4200,4988,231
4200,5288,233
4200,5588,235
4200,5889,235
4200,6189,236
4200,6489,238
4200,6790,238
4200,7091,236
4200,7392,234
4200,7692,233
4200,7992,231
4200,8292,231
4200,8593,233
4200,8893,233
4200,9195,229
4200,9496,231
4200,9796,229
4200,10097,230
4200,10397,229
4200,10697,230
4200,10998,231
4200,11298,232
4200,11600,234
4400,11700,234
4500,11500,232
4500,11200,230
4500,10899,231
4500,10599,231
4500,10299,230
4500,9997,230
4500,9697,232
4500,9396,231
4500,9096,233
4500,8796,231
4500,8496,232
4500,8195,232
4500,7894,233
4500,7593,234
4500,7293,235
4500,6993,235
4500,6692,236
4500,6392,235
4500,6092,234
4500,5790,233
4500,5490,233
4500,5190,233
4500,4889,231
4500,4589,230
4500,4289,229
4500,3988,229
4500,3687,230
4500,3387,231
4500,3086,229
4500,2786,231
4500,2486,232
4500,2185,235
4500,1885,234
4500,1584,233
4500,1283,232
4500,983,231
4500,683,232
4500,382,234
4500,82,234
4718,0,233
4800,220,233
4800,520,233
4800,820,232
4800,1121,234
4800,1421,234
4800,1721,235
4800,2022,234
4800,2323,234
4800,2625,232
4800,2925,230
4800,3225,229
4800,3526,229
4800,3826,228
4800,4126,230
4800,4427,229
4800,4728,231
4800,5028,229
4800,5329,230
4800,5629,232
4800,5929,232
4800,6230,233
4800,6530,232
4800,6832,232
4800,7132,232
4800,7432,234
4800,7732,233
4800,8033,232
4800,8333,233
4800,8633,232
4800,8935,231
4800,9235,231
4800,9536,231
4800,9836,232
4800,10136,231
4800,10436,231
4800,10737,232
4800,11038,232
4800,11339,233
4800,11639,235
5039,11700,234
5100,11460,233
5100,11160,231
5100,10860,232
5100,10558,231
5100,10258,232
5100,9958,232
5100,9657,231
5100,9357,231
5100,9057,230
5100,8756,232
5100,8455,233
5100,8155,231
5100,7854,230
5100,7554,233
5100,7254,232
5100,6953,231
5100,6653,228
5100,6352,230
5100,6050,231
5100,5750,232
5100,5449,231
5100,5149,227
5100,4849,230
5100,4548,228
5100,4248,229
5100,3947,229
5100,3646,228
5100,3346,230
5100,3046,231
5100,2745,231
5100,2445,233
5100,2145,235
5100,1843,236
5100,1543,235
5100,1243,232
5100,942,232
5100,642,233
5100,342,234
5100,41,232
5360,0,232
5400,260,233
5400,561,233
5400,861,234
5400,1161,235
5400,1462,234
5400,1762,234
5400,2064,233
5400,2364,233
5400,2664,232
5400,2964,230
5400,3265,230
5400,3565,230
5400,3865,229
5400,4167,231
5400,4467,230
5400,4768,228
5400,5068,228
5400,5368,230
5400,5668,230
5400,5969,230
5400,6270,229
5400,6571,228
5400,6871,228
5400,7171,228
5400,7472,229
5400,7772,228
5400,8072,230
5400,8374,230
5400,8674,231
5400,8974,229
5400,9275,230
5400,9575,233
5400,9875,232
5400,10176,231
5400,10477,232
5400,10779,231
5400,11079,232
5400,11379,234
5400,11680,233
5680,11700,232
5700,11420,233
5700,11120,232
5700,10818,233
5700,10518,233
5700,10217,232
5700,9917,232
5700,9617,231
5700,9316,231
5700,9016,228
5700,8715,230
5700,8414,229
5700,8114,226
5700,7814,227
5700,7513,227
5700,7213,226
5700,6913,228
5700,6611,228
5700,6311,229
5700,6011,229
5700,5710,230
5700,5410,230
5700,5110,231
5700,4809,230
5700,4508,231
5700,4208,229
5700,3907,231
5700,3607,232
5700,3307,230
5700,3006,232
5700,2706,232
5700,2404,232
5700,2104,234
5700,1804,234
5700,1504,234
5700,1203,234
5700,903,234
5700,603,232
5700,301,232
5700,1,232
5999,0,232
6000,300,233
6000,600,232
6000,900,233
6000,1201,233
6000,1502,233
6000,1804,233
6000,2104,234
6000,2404,234
6000,2705,234
6000,3005,232
6000,3305,233
6000,3606,232
6000,3907,232
6000,4208,232
6000,4508,233
6000,4808,232
6000,5108,233
6000,5409,232
6000,5709,231
6000,6011,230
6000,6311,228
6000,6611,228
6000,6912,228
6000,7212,225
6000,7512,225
6000,7812,226
6000,8114,227
6000,8414,228
6000,8715,226
6000,9015,227
6000,9315,229
6000,9616,231
6000,9916,232
6000,10217,232
6000,10518,233
6000,10818,233
6000,11118,233
6000,11419,233
6019,11700,233
6300,11681,232
6300,11379,232
6300,11079,234
6300,10779,234
6300,10478,233
6300,10178,232
6300,9878,230
6300,9577,230
6300,9276,228
6300,8976,226
6300,8675,226
6300,8375,226
6300,8075,225
6300,7774,226
6300,7474,227
6300,7172,228
6300,6872,227
6300,6572,229
6300,6272,231
6300,5971,233
6300,5671,235
6300,5371,234
6300,5069,233
6300,4768,233
6300,4467,232
6300,4167,231
6300,3867,232
6300,3566,232
6300,3266,233
6300,2966,235
6300,2664,235
6300,2364,234
6300,2064,236
6300,1763,232
6300,1463,233
6300,1163,233
6300,862,233
6300,561,231
6300,260,231
6340,0,231
6600,40,232
6600,340,231
6600,641,230
6600,941,233
6600,1243,234
6600,1543,234
6600,1843,236
6600,2144,236
6600,2444,235
6600,2744,234
6600,3044,232
6600,3346,234
6600,3646,233
6600,3947,233
6600,4247,233
6600,4547,236
6600,4848,234
6600,5148,236
6600,5449,236
6600,5750,236
6600,6050,234
6600,6350,233
6600,6651,231
6600,6951,229
6600,7251,230
6600,7553,227
6600,7853,226
6600,8153,226
6600,8454,226
6600,8754,227
6600,9054,227
6600,9355,230
6600,9656,230
6600,9958,231
6600,10258,231
6600,10558,232
6600,10859,233
6600,11159,233
6600,11459,231
6659,11700,231
6900,11639,233
6900,11339,233
6900,11038,233
6900,10738,231
6900,10438,231
6900,10137,230
6900,9837,230
6900,9536,230
6900,9235,228
6900,8935,227
6900,8635,226
6900,8334,227
6900,8034,226
6900,7734,227
6900,7432,229
6900,7132,230
6900,6832,233
6900,6531,234
6900,6231,237
6900,5931,236
6900,5630,237
6900,5329,235
6900,5028,235
6900,4728,237
6900,4428,235
6900,4128,237
6900,3827,235
6900,3527,235
6900,3225,235
6900,2925,236
6900,2625,235
6900,2324,236
6900,2024,235
6900,1724,234
6900,1424,233
6900,1122,233
6900,822,232
6900,521,231
6900,221,231
6979,0,231
7200,80,233
7200,380,233
7200,681,231
7200,982,232
7200,1282,233
7200,1582,232
7200,1883,234
7200,2183,235
7200,2483,235
7200,2785,236
7200,3086,238
7200,3387,239
7200,3687,238
7200,3987,237
7200,4288,236
7200,4588,236
7200,4888,236
7200,5190,236
7200,5490,236
7200,5790,238
7200,6091,237
7200,6391,234
7200,6691,232
7200,6992,231
7200,7293,229
7200,7593,227
7200,7894,226
7200,8194,224
7200,8494,225
7200,8795,228
7200,9095,230
7200,9396,229
7200,9697,231
7200,9997,232
7200,10297,234
7200,10598,234
7200,10898,233
7200,11198,233
7200,11500,233
7300,11700,233
7500,11600,233
7500,11299,235
7500,10999,235
7500,10699,237
7500,10398,233
7500,10097,234
7500,9796,230
7500,9496,230
7500,9196,228
7500,8896,228
7500,8595,228
7500,8295,228
7500,7993,227
7500,7693,229
7500,7393,229
7500,7092,230
7500,6792,232
7500,6492,232
7500,6192,236
7500,5890,236
7500,5588,235
7500,5288,236
7500,4988,233
7500,4688,234
7500,4387,234
7500,4087,236
7500,3787,237
7500,3485,238
7500,3185,237
7500,2884,236
7500,2584,235
7500,2284,234
7500,1984,234
7500,1683,231
7500,1382,231
7500,1081,231
7500,781,231
7500,481,233
7500,180,233
7620,0,233
7800,120,233
7800,422,232
7800,722,231
7800,1022,230
7800,1323,230
7800,1623,233
7800,1923,234
7800,2224,233
7800,2525,234
7800,2825,235
7800,3126,235
7800,3426,235
7800,3726,234
7800,4027,233
7800,4327,231
7800,4628,231
7800,4929,232
7800,5229,229
7800,5529,231
7800,5830,231
7800,6130,232
7800,6430,230
7800,6732,231
7800,7032,231
7800,7332,231
7800,7633,230
7800,7933,231
7800,8233,230
7800,8534,231
7800,8835,229
7800,9136,230
7800,9436,230
7800,9736,231
7800,10036,232
7800,10337,235
7800,10637,236
7800,10939,237
7800,11240,235
7800,11540,235
7941,11700,234
8100,11559,235
8100,11259,237
8100,10958,238
8100,10658,236
8100,10356,236
8100,10056,234
8100,9756,231
8100,9456,231
8100,9155,230
8100,8855,231
8100,8555,232
8100,8253,232
8100,7953,231
8100,7652,233
8100,7352,232
8100,7052,232
8100,6752,230
8100,6451,232
8100,6150,229
8100,5849,229
8100,5549,229
8100,5249,228
8100,4948,229
8100,4648,228
8100,4348,230
8100,4046,230
8100,3746,231
8100,3446,234
8100,3145,234
8100,2845,235
8100,2545,234
8100,2244,233
8100,1943,233
8100,1643,233
8100,1342,232
8100,1042,232
8100,742,233
8100,441,233
8100,141,234
8260,0,236
8400,161,234
8400,461,233
8400,761,232
8400,1062,230
8400,1362,232
8400,1662,231
8400,1964,232
8400,2265,235
8400,2566,233
8400,2866,234
8400,3166,233
8400,3467,231
8400,3767,229
8400,4067,228
8400,4369,227
8400,4669,226
8400,4969,227
8400,5270,226
8400,5570,226
8400,5870,228
8400,6171,230
8400,6472,231
8400,6772,232
8400,7073,232
8400,7373,233
8400,7673,234
8400,7974,231
8400,8274,231
8400,8576,232
8400,8876,233
8400,9176,231
8400,9476,233
8400,9777,235
8400,10077,235
8400,10377,235
8400,10679,236
8400,10979,237
8400,11280,237
8400,11580,236
8580,11700,235
8700,11520,236
8700,11219,238
8700,10918,237
8700,10617,235
8700,10317,235
8700,10017,234
8700,9716,234
8700,9416,234
8700,9116,233
8700,8814,233
8700,8514,231
8700,8214,233
8700,7913,233
8700,7613,232
8700,7313,231
8700,7012,231
8700,6711,231
8700,6411,229
8700,6110,227
8700,5810,225
8700,5510,226
8700,5209,226
8700,4909,228
8700,4608,226
8700,4306,228
8700,4006,230
8700,3705,232
8700,3405,232
8700,3105,233
8700,2804,233
8700,2504,233
8700,2203,231
8700,1902,233
8700,1602,233
8700,1302,234
8700,1001,232
8700,701,234
8700,401,235
8700,99,234
8901,0,234
9000,201,234
9000,502,234
9000,802,234
9000,1102,234
9000,1403,234
9000,1704,233
9000,2004,234
9000,2305,233
9000,2605,233
9000,2905,232
9000,3206,232
9000,3506,231
9000,3808,231
9000,4108,228
9000,4408,225
9000,4708,227
9000,5009,225
9000,5309,228
9000,5609,227
9000,5911,229
9000,6211,229
9000,6512,230
9000,6812,230
9000,7112,233
9000,7412,234
9000,7713,235
9000,8014,234
9000,8315,234
9000,8615,233
9000,8915,232
9000,9216,233
9000,9516,234
9000,9816,235
9000,10118,235
9000,10419,236
9000,10720,237
9000,11020,236
9000,11320,237
9000,11620,237
9221,11700,237
9300,11479,238
9300,11177,237
9300,10877,236
9300,10577,236
9300,10276,236
9300,9976,235
9300,9676,233
9300,9376,233
9300,9074,232
9300,8774,234
9300,8473,235
9300,8173,235
9300,7873,235
9300,7572,235
9300,7272,235
9300,6971,233
9300,6670,232
9300,6370,231
9300,6070,229
9300,5769,230
9300,5469,227
9300,5169,227
9300,4867,228
9300,4567,228
9300,4267,227
9300,3966,229
9300,3666,231
9300,3366,231
9300,3065,233
9300,2764,234
9300,2464,235
9300,2163,235
9300,1863,235
9300,1563,236
9300,1262,233
9300,962,234
9300,660,233
9300,360,233
9300,60,235
9540,0,235
9600,241,234
9600,541,232
9600,841,232
9600,1143,234
9600,1443,234
9600,1744,236
9600,2044,235
9600,2344,235
9600,2644,235
9600,2945,234
9600,3246,233
9600,3548,232
9600,3848,230
9600,4148,231
9600,4449,231
9600,4749,230
9600,5049,228
9600,5350,228
9600,5651,231
9600,5952,232
9600,6252,234
9600,6552,235
9600,6852,235
9600,7153,235
9600,7453,235
9600,7755,234
9600,8055,234
9600,8355,232
9600,8656,233
9600,8956,232
9600,9256,234
9600,9556,236
9600,9858,237
9600,10158,238
9600,10459,237
9600,10759,237
9600,11059,237
9600,11360,238
9600,11660,238
9861,11700,238
9900,11438,239
9900,11138,238
9900,10838,238
9900,10537,238
9900,10237,238
9900,9937,238
9900,9635,238
9900,9335,235
9900,9035,234
9900,8734,233
9900,8434,233
9900,8134,233
9900,7833,234
9900,7532,236
9900,7232,236
9900,6931,235
9900,6631,235
9900,6331,236
9900,6030,233
9900,5730,233
9900,5428,230
9900,5127,230
9900,4827,232
9900,4526,232
9900,4226,233
9900,3926,234
9900,3625,234
9900,3325,235
9900,3024,234
9900,2723,236
9900,2423,235
9900,2123,237
9900,1822,235
9900,1522,234
9900,1222,233
9900,920,231
9900,620,233
9900,320,233
9900,19,233
10181,0,234
10200,281,233
10200,582,234
10200,883,233
10200,1184,233
10200,1484,235
10200,1784,236
10200,2084,237
10200,2385,237
10200,2685,237
10200,2987,235
10200,3287,234
10200,3587,234
10200,3888,234
10200,4188,235
10200,4488,233
10200,4788,233
10200,5090,232
10200,5390,234
10200,5691,234
10200,5991,236
10200,6291,236
10200,6592,236
10200,6892,236
10200,7193,236
10200,7494,234
10200,7794,234
10200,8094,233
10200,8395,235
10200,8695,233
10200,8995,234
10200,9297,236
10200,9597,238
10200,9897,239
10200,10198,240
10200,10498,240
10200,10798,238
10200,11099,241
10200,11400,240
10201,11700,240
10500,11698,241
10500,11398,240
10500,11097,240
10500,10797,240
10500,10497,240
10500,10196,239
10500,9895,239
10500,9595,236
10500,9294,236
10500,8994,234
10500,8694,235
10500,8393,235
10500,8093,236
10500,7792,236
10500,7491,236
10500,7191,236
10500,6891,236
10500,6590,237
10500,6290,236
10500,5990,237
10500,5688,235
10500,5388,234
10500,5088,234
10500,4787,233
10500,4487,233
10500,4187,235
10500,3886,234
10500,3585,234
10500,3284,233
10500,2984,235
10500,2684,238
10500,2384,237
10500,2083,236
10500,1783,236
10500,1481,237
10500,1181,234
10500,881,235
10500,580,235
10500,280,234
10520,0,233
10800,20,233
10800,322,234
10800,622,234
10800,923,234
10800,1223,235
10800,1523,236
10800,1824,236
10800,2124,236
10800,2425,236
10800,2727,235
10800,3027,234
10800,3328,233
10800,3628,234
10800,3928,234
10800,4228,235
10800,4529,234
10800,4830,235
10800,5131,235
10800,5431,236
10800,5731,238
10800,6032,239
10800,6332,239
10800,6632,238
10800,6934,239
10800,7234,236
10800,7534,238
10800,7835,235
10800,8135,234
10800,8435,236
10800,8736,235
10800,9037,235
10800,9337,237
10800,9638,238
10800,9938,239
10800,10238,241
10800,10539,241
10800,10839,241
10800,11140,241
10800,11441,241
10841,11700,241
11100,11659,241
11100,11358,240
11100,11058,239
11100,10758,240
11100,10456,240
11100,10156,239
11100,9856,239
11100,9555,236
11100,9255,237
11100,8955,235
11100,8654,235
11100,8353,235
11100,8052,235
11100,7752,237
11100,7452,236
11100,7152,239
11100,6851,238
11100,6551,238
11100,6249,239
11100,5949,237
11100,5649,236
11100,5348,236
11100,5048,235
11100,4748,235
11100,4448,235
11100,4146,234
11100,3844,233
11100,3544,232
11100,3244,234
11100,2944,236
11100,2643,235
11100,2343,235
11100,2043,236
11100,1741,236
11100,1441,235
11100,1140,233
11100,840,233
11100,540,233
11100,239,233
11161,0,233
11400,62,233
11400,363,233
11400,663,233
11400,963,232
11400,1264,234
11400,1564,234
11400,1864,234
11400,2166,236
11400,2466,235
11400,2766,235
11400,3067,233
11400,3367,233
11400,3667,234
11400,3968,235
11400,4269,235
11400,4569,237
11400,4870,238
11400,5170,238
11400,5470,236
11400,5771,240
11400,6071,239
11400,6372,239
11400,6673,238
11400,6973,237
11400,7273,238
11400,7574,236
11400,7874,237
11400,8174,236
11400,8476,236
11400,8776,235
11400,9076,235
11400,9377,238
11400,9677,237
11400,9977,238
11400,10278,238
11400,10579,239
11400,10881,242
11400,11181,242
11400,11481,241
11481,11700,240
11700,11618,241
11700,11318,242
11700,11017,241
11700,10716,240
11700,10416,239
11700,10115,239
11700,9815,238
11700,9515,237
11700,9214,236
11700,8914,237
11700,8612,236
11700,8312,237
11700,8012,237
11700,7712,237
11700,7411,237
11700,7111,237
11700,6811,240
11700,6509,240
11700,6209,240
11700,5908,240
11700,5608,239
11700,5308,238
11700,5008,239
11700,4707,238
11700,4406,237
11700,4105,235
11700,3805,235
11700,3505,236
11700,3204,234
11700,2904,235
11700,2604,235
11700,2302,235
11700,2002,235
11700,1702,233
11700,1401,233
11700,1101,233
11700,801,234
11700,500,231
11700,199,233
11801,0,233
12000,102,232
12000,402,233
12000,702,232
12000,1003,234
12000,1303,233
12000,1604,233
12000,1905,234
12000,2205,234
12000,2505,233
12000,2806,235
12000,3106,236
12000,3406,236
12000,3708,237
12000,4009,238
12000,4310,238
12000,4610,240
12000,4910,240
12000,5211,239
12000,5511,241
12000,5811,241
12000,6113,239
12000,6413,239
12000,6713,239
12000,7014,238
12000,7314,236
12000,7614,237
12000,7915,237
12000,8216,237
12000,8516,236
12000,8817,237
12000,9117,238
12000,9417,238
12000,9718,238
12000,10018,239
12000,10320,241
12000,10620,240
12000,10920,240
12000,11220,243
12000,11521,240
12121,11700,240
12300,11579,242
12300,11277,243
12300,10977,242
12300,10676,240
12300,10376,240
12300,10076,238
12300,9776,238
12300,9475,238
12300,9174,237
12300,8873,235
12300,8573,237
12300,8273,238
12300,7972,239
12300,7672,238
12300,7372,237
12300,7070,237
12300,6770,239
12300,6470,240
12300,6169,241
12300,5869,241
12300,5569,241
12300,5268,240
12300,4967,240
12300,4665,240
12300,4365,239
12300,4065,240
12300,3764,239
12300,3464,238
12300,3164,235
12300,2863,233
12300,2562,232
12300,2262,232
12300,1961,233
12300,1661,233
12300,1361,235
12300,1060,234
12300,760,233
12300,459,231
12300,158,231
12442,0,230
12600,142,230
12600,443,232
12600,743,234
12600,1043,233
12600,1345,233
12600,1645,233
12600,1945,234
12600,2246,233
12600,2546,233
12600,2846,236
12600,3147,239
12600,3448,240
12600,3748,238
12600,4049,240
12600,4349,241
12600,4649,242
12600,4950,242
12600,5250,242
12600,5552,241
12600,5852,242
12600,6152,242
12600,6452,240
12600,6753,239
12600,7053,238
12600,7353,237
12600,7655,237
12600,7955,237
12600,8256,237
12600,8556,236
12600,8856,236
12600,9156,236
12600,9457,238
12600,9758,240
12600,10059,239
12600,10359,239
12600,10659,242
12600,10960,242
12600,11260,241
12600,11560,240
12761,11700,239
12900,11537,240
12900,11236,241
12900,10936,240
12900,10636,240
12900,10336,239
12900,10035,238
12900,9735,238
12900,9433,239
12900,9133,239
12900,8833,238
12900,8532,239
12900,8232,238
12900,7932,237
12900,7632,238
12900,7330,239
12900,7030,239
12900,6729,239
12900,6429,240
12900,6129,240
12900,5828,242
12900,5528,241
12900,5227,240
12900,4926,240
12900,4626,241
12900,4326,239
12900,4025,240
12900,3725,238
12900,3425,238
12900,3123,236
12900,2823,233
12900,2523,232
12900,2222,232
12900,1922,234
12900,1622,234
12900,1321,230
12900,1020,230
12900,720,232
12900,419,230
12900,119,229
13081,0,225
13200,182,227
13200,482,227
13200,784,228
13200,1084,233
13200,1384,233
13200,1684,232
13200,1985,233
13200,2285,233
13200,2585,234
13200,2887,236
13200,3188,237
13200,3489,238
13200,3789,240
13200,4089,240
13200,4390,241
13200,4690,241
13200,4990,240
13200,5292,241
13200,5592,243
13200,5892,241
13200,6193,241
13200,6493,240
13200,6793,240
13200,7094,239
13200,7395,239
13200,7696,238
13200,7996,238
13200,8296,237
13200,8596,241
13200,8897,238
13200,9197,239
13200,9499,236
13200,9799,237
13200,10099,238
13200,10400,239
13200,10700,239
13200,11000,241
13200,11300,240
13200,11602,238
13402,11700,238
13500,11497,240
13500,11197,240
13500,10897,240
13500,10596,239
13500,10296,239
13500,9995,239
13500,9694,239
13500,9394,238
13500,9094,238
13500,8793,240
13500,8493,238
13500,8193,238
13500,7891,238
13500,7591,237
13500,7291,241
13500,6990,241
13500,6690,242
13500,6390,243
13500,6089,242
13500,5788,241
13500,5488,239
13500,5187,240
13500,4887,240
13500,4587,239
13500,4286,238
13500,3986,239
13500,3684,238
13500,3383,237
13500,3083,235
13500,2782,233
13500,2482,233
13500,2182,232
13500,1881,233
13500,1581,234
13500,1280,233
13500,979,226
13500,679,223
13500,379,224
13500,78,221
13722,0,219
13800,222,220
13800,524,221
13800,824,232
13800,1124,234
13800,1425,234
13800,1725,234
13800,2025,232
13800,2326,233
13800,2627,234
13800,2928,233
13800,3228,237
13800,3528,237
13800,3828,238
13800,4129,238
13800,4429,238
13800,4731,240
13800,5031,241
13800,5331,240
13800,5632,241
13800,5932,243
13800,6232,244
13800,6532,242
13800,6834,241
13800,7134,241
13800,7435,237
13800,7735,238
13800,8035,239
13800,8336,239
13800,8636,239
13800,8937,240
13800,9238,238
13800,9538,238
13800,9838,238
13800,10139,239
13800,10439,239
13800,10739,239
13800,11041,240
13800,11342,237
13800,11643,239
